Thread,3,14,238700.00,6220.00,15,11270.00,233730.00
Thread,1,5,236460.00,8460.00,7,11690.00,233310.00
Thread,13,55,244030.00,1100.00,54,10010.00,67000.00
Thread,2,11,236740.00,8180.00,10,10430.00,234570.00
Thread,20,81,238070.00,7060.00,82,12600.00,232400.00
Thread,21,86,248500.00,-3580.00,84,9590.00,235410.00
Thread,14,56,236040.00,8960.00,59,10580.00,234420.00
Thread,15,62,238350.00,6780.00,63,8960.00,236040.00
Thread,19,79,238140.00,6990.00,78,11270.00,25910.00
Thread,4,19,240170.00,4960.00,16,12740.00,232260.00
Thread,6,26,236180.00,8950.00,27,9660.00,235340.00
Thread,12,48,239400.00,5600.00,49,10500.00,66250.00
Thread,23,92,236040.00,8960.00,93,11480.00,233520.00
Thread,9,37,234570.00,10560.00,37,10430.00,234570.00
Thread,18,74,238980.00,6150.00,75,12530.00,85700.00
Thread,16,64,234360.00,10640.00,64,10640.00,234360.00
Thread,22,89,248500.00,-3580.00,88,8120.00,236880.00
Thread,8,32,238910.00,6090.00,35,12530.00,232470.00
Thread,10,43,248500.00,-3580.00,40,11340.00,65860.00
Thread,5,21,236600.00,8320.00,20,9940.00,235060.00
Thread,11,44,235550.00,9450.00,46,10920.00,65930.00
Thread,17,68,233520.00,11480.00,70,13370.00,231630.00
Best,A&B,248500.00,-3580.00
----------------------------------------
Execution,99999,100000,99999,99999,1009298,Eve-Adversary
Adversary,0,10,1009298
Best,Eve,1090.00
Adversary,1,10,1009299
Best,Eve,880.00
Adversary,2,10,1009300
Best,Eve,880.00
Adversary,3,10,1009301
Best,Eve,1090.00
Adversary,4,10,1009302
Best,Eve,1090.00
Adversary,5,10,1009303
Best,Eve,880.00
Adversary,6,10,1009304
Best,Eve,880.00
Adversary,7,10,1009305
Best,Eve,880.00
Adversary,8,10,1009306
Best,Eve,1090.00
Adversary,9,10,1009307
Best,Eve,880.00
Execution,99999,100000,99999,99999,1009308,Alice-Encrypt
Thread,2,9,245170.00,-40.00,8,11130.00,233870.00
Thread,0,1,236250.00,8880.00,0,11060.00,233940.00
Thread,1,7,238070.00,6850.00,4,10370.00,234630.00
Thread,14,57,246700.00,-1730.00,58,6440.00,238560.00
Thread,3,12,246920.00,-1920.00,13,9800.00,235200.00
Thread,7,30,248500.00,-3370.00,28,11900.00,233100.00
Thread,13,53,245010.00,120.00,54,13370.00,231630.00
Thread,12,49,237300.00,7620.00,50,9380.00,235620.00
Thread,20,82,237720.00,7410.00,80,11760.00,65680.00
Thread,21,85,234990.00,9930.00,86,11140.00,233860.00
Thread,5,20,235410.00,9590.00,22,12180.00,72000.00
Thread,15,60,238680.00,6320.00,63,11060.00,233940.00
Thread,11,47,245670.00,-750.00,45,13210.00,78930.00
Thread,8,32,238700.00,6300.00,35,11480.00,233520.00
Thread,22,90,248500.00,-3580.00,88,12050.00,232950.00
Thread,23,95,248500.00,-3370.00,93,8200.00,236800.00
Thread,4,17,239400.00,5730.00,19,10150.00,66680.00
Thread,16,64,244520.00,480.00,67,10640.00,136950.00
Thread,10,41,126390.00,9930.00,40,11060.00,20610.00
Thread,9,37,236180.00,8740.00,39,9800.00,67310.00
Thread,6,27,237780.00,7210.00,27,7220.00,237780.00
Thread,17,71,239400.00,5520.00,69,12670.00,64040.00
Thread,18,72,236880.00,8120.00,73,11900.00,233100.00
Thread,19,79,248500.00,-3510.00,76,10220.00,234780.00
Best,A&B,248500.00,-3580.00
Execution,99999,100000,100000,99999,1009308,Bob-Decrypt
Thread,1,4,239250.00,5750.00,6,8750.00,236250.00
Thread,0,2,239470.00,5450.00,0,9240.00,67950.00
Thread,2,9,244170.00,750.00,8,11200.00,233800.00
Thread,3,12,247000.00,-2000.00,15,8820.00,236180.00
Thread,6,27,236100.00,8890.00,27,8900.00,236100.00
Thread,11,44,240030.00,4970.00,45,13930.00,77140.00
Thread,22,90,248500.00,-3580.00,89,12040.00,65360.00
Thread,21,85,237510.00,7410.00,84,11270.00,65240.00
Thread,18,72,237510.00,7490.00,74,10710.00,95810.00
Thread,16,66,235410.00,9720.00,66,9590.00,235410.00
Thread,8,33,77900.00,120.00,35,7490.00,69530.00
Thread,4,16,236460.00,8540.00,18,10500.00,234500.00
Thread,15,60,238740.00,6260.00,61,8330.00,236670.00
Thread,23,95,248500.00,-3370.00,94,9380.00,107620.00
Thread,10,41,238140.00,6990.00,40,14210.00,63190.00
Thread,20,83,235970.00,9160.00,80,12810.00,63800.00
Thread,5,23,246680.00,-1550.00,21,11340.00,20400.00
Thread,7,30,248500.00,-3580.00,29,8400.00,38180.00
Thread,9,38,237930.00,7200.00,36,10850.00,65890.00
Thread,19,79,248500.00,-3510.00,77,10850.00,7340.00
Thread,12,51,236250.00,8670.00,49,10010.00,234990.00
Thread,14,57,246640.00,-1670.00,58,8480.00,236520.00
Thread,13,53,244880.00,250.00,55,12390.00,64260.00
Thread,17,71,235620.00,9510.00,69,9660.00,21190.00
Best,A&B,248500.00,-3580.00
----------------------------------------
TimeDiff: 50794 secs
Last best score: 248500.000000
