Thread,4,19,77170.00,2960.00,16,7450.00,34370.00
Thread,2,11,79980.00,-60.00,10,6620.00,73380.00
Thread,3,14,76400.00,3520.00,12,6120.00,73880.00
Thread,20,83,76780.00,3350.00,82,6540.00,-13250.00
Thread,13,52,78230.00,1770.00,54,5910.00,74090.00
Thread,9,39,80360.00,-440.00,36,5700.00,74300.00
Thread,14,57,74580.00,5340.00,56,6610.00,22530.00
Thread,15,60,77030.00,2970.00,61,6680.00,73320.00
Thread,6,24,82000.00,-2000.00,25,5430.00,32470.00
Thread,11,45,75980.00,4150.00,47,6890.00,73110.00
Thread,8,33,78820.00,1100.00,35,7730.00,30120.00
Thread,12,50,82000.00,-2060.00,51,7660.00,-8470.00
Thread,22,91,80120.00,-200.00,88,5700.00,74300.00
Thread,18,73,78420.00,1580.00,75,6330.00,73670.00
Thread,19,76,77310.00,2690.00,79,6680.00,13610.00
Thread,7,30,76260.00,3660.00,29,7100.00,-6490.00
Thread,5,20,75000.00,5000.00,21,8010.00,6320.00
Thread,23,95,80520.00,-390.00,92,6330.00,58580.00
Thread,10,40,76890.00,3110.00,41,8990.00,5360.00
Thread,21,86,82000.00,-2010.00,87,6050.00,73950.00
Thread,17,68,74510.00,5490.00,68,5490.00,74510.00
Thread,16,64,82000.00,-2000.00,66,3600.00,76400.00
Best,A&B,82000.00,-2010.00
----------------------------------------
Execution,99999,100000,99999,99999,1000391,Eve-Adversary
Adversary,0,10,1000391
Best,Eve,880.00
Adversary,1,10,1000392
Best,Eve,880.00
Adversary,2,10,1000393
Best,Eve,880.00
Adversary,3,10,1000394
Best,Eve,1090.00
Adversary,4,10,1000395
Best,Eve,880.00
Adversary,5,10,1000396
Best,Eve,880.00
Adversary,6,10,1000397
Best,Eve,1090.00
Adversary,7,10,1000398
Best,Eve,950.00
Adversary,8,10,1000399
Best,Eve,1090.00
Adversary,9,10,1000400
Best,Eve,1090.00
Execution,99999,100000,99999,99999,1000401,Alice-Encrypt
Thread,0,2,79920.00,210.00,1,7590.00,72410.00
Thread,2,11,78740.00,1180.00,8,7170.00,72830.00
Thread,14,56,78330.00,1670.00,57,7030.00,72970.00
Thread,1,6,76260.00,3870.00,4,9060.00,70940.00
Thread,3,13,76610.00,3520.00,15,5420.00,74580.00
Thread,12,49,76540.00,3380.00,50,6190.00,73810.00
Thread,7,31,73320.00,6600.00,30,7730.00,72270.00
Thread,8,35,75840.00,4290.00,33,7380.00,72620.00
Thread,20,81,75840.00,4150.00,83,6260.00,73740.00
Thread,21,86,75840.00,4290.00,84,6680.00,73320.00
Thread,13,52,75910.00,4090.00,53,6540.00,73460.00
Thread,6,24,80120.00,-120.00,25,5070.00,53610.00
Thread,4,16,78150.00,1850.00,18,4160.00,75840.00
Thread,5,21,76470.00,3570.00,23,4860.00,12700.00
Thread,18,73,77520.00,2610.00,74,6960.00,73040.00
Thread,19,79,76400.00,3520.00,77,5490.00,74510.00
Thread,9,38,76890.00,3030.00,36,5490.00,8290.00
Thread,11,45,79910.00,220.00,46,3040.00,76960.00
Thread,15,61,75550.00,4580.00,63,5840.00,22040.00
Thread,16,66,75490.00,4430.00,67,5910.00,8450.00
Thread,10,42,75560.00,4360.00,42,4440.00,75560.00
Thread,17,70,75840.00,4290.00,69,6610.00,7200.00
Thread,22,91,82000.00,-2080.00,88,4020.00,9390.00
Thread,23,92,76260.00,3740.00,95,4860.00,75140.00
Best,A&B,82000.00,-2080.00
Execution,99999,100000,100000,99999,1000401,Bob-Decrypt
Thread,1,4,76610.00,3390.00,5,6750.00,73250.00
Thread,0,2,80100.00,-180.00,1,6330.00,73670.00
Thread,2,11,79190.00,730.00,8,4020.00,75980.00
Thread,3,14,75210.00,4710.00,15,7100.00,72900.00
Thread,10,42,76190.00,3730.00,40,4790.00,9200.00
Thread,17,71,74790.00,5130.00,70,5490.00,74510.00
Thread,8,32,76400.00,3600.00,35,6260.00,73740.00
Thread,15,60,75840.00,4160.00,61,8800.00,56900.00
Thread,7,29,75350.00,4780.00,30,7730.00,72270.00
Thread,4,18,75840.00,4290.00,16,7730.00,72270.00
Thread,6,24,80050.00,-50.00,25,2970.00,77030.00
Thread,19,77,77450.00,2680.00,79,6820.00,73180.00
Thread,5,23,76890.00,3240.00,22,4370.00,75630.00
Thread,9,39,76470.00,3660.00,36,5700.00,8250.00
Thread,18,74,75420.00,4500.00,73,6750.00,73250.00
Thread,13,53,76190.00,3730.00,52,6330.00,73670.00
Thread,20,81,75350.00,4640.00,83,6120.00,8120.00
Thread,16,67,77170.00,2750.00,66,6680.00,73320.00
Thread,21,86,75000.00,4920.00,85,5630.00,8160.00
Thread,22,89,73810.00,6110.00,89,6190.00,73810.00
Thread,11,45,80610.00,-480.00,44,7380.00,6930.00
Thread,14,56,80690.00,-690.00,57,4370.00,75630.00
Thread,23,95,76330.00,3590.00,92,4160.00,75840.00
Thread,12,51,77530.00,2390.00,50,5070.00,74930.00
Best,A&B,80690.00,-690.00
----------------------------------------
TimeDiff: 22361 secs
Last best score: 80690.000000
