Thread,0,1,120430.00,4700.00,0,7860.00,117140.00
Thread,1,7,124170.00,960.00,6,6040.00,118960.00
Thread,22,88,119170.00,5830.00,90,7790.00,-10340.00
Thread,3,15,117420.00,7710.00,14,8350.00,104760.00
Thread,20,82,118190.00,6940.00,80,9260.00,28980.00
Thread,21,87,120150.00,4830.00,85,7510.00,22490.00
Thread,7,29,123680.00,-2370.00,31,7160.00,117840.00
Thread,8,34,29620.00,600.00,32,6880.00,23690.00
Thread,19,78,120500.00,4420.00,76,9190.00,115810.00
Thread,18,73,83240.00,6590.00,75,6950.00,21960.00
Thread,13,53,127500.00,-2580.00,52,5340.00,24890.00
Thread,23,92,119380.00,5620.00,93,6670.00,23640.00
Thread,4,17,125190.00,-60.00,19,7510.00,117490.00
Thread,9,37,120080.00,4840.00,36,6880.00,-25890.00
Thread,14,56,118960.00,6040.00,58,7300.00,22860.00
Thread,16,65,115060.00,6660.00,64,7580.00,21920.00
Thread,17,70,127500.00,-2370.00,69,4500.00,120500.00
Thread,12,49,120640.00,4280.00,50,6530.00,118470.00
Thread,11,44,111860.00,6810.00,46,7160.00,-80.00
Thread,10,43,118750.00,6240.00,43,6250.00,118750.00
Thread,5,20,120080.00,4920.00,23,7930.00,21640.00
Thread,15,61,118110.00,6880.00,63,8630.00,21500.00
Best,A&B,127500.00,-2370.00
----------------------------------------
Execution,99999,100000,99999,99999,1000891,Eve-Adversary
Adversary,0,10,1000891
Best,Eve,1090.00
Adversary,1,10,1000892
Best,Eve,1090.00
Adversary,2,10,1000893
Best,Eve,1090.00
Adversary,3,10,1000894
Best,Eve,1300.00
Adversary,4,10,1000895
Best,Eve,670.00
Adversary,5,10,1000896
Best,Eve,1090.00
Adversary,6,10,1000897
Best,Eve,880.00
Adversary,7,10,1000898
Best,Eve,950.00
Adversary,8,10,1000899
Best,Eve,880.00
Adversary,9,10,1000900
Best,Eve,1090.00
Execution,99999,100000,99999,99999,1000901,Alice-Encrypt
Thread,0,1,120220.00,4700.00,0,7230.00,117770.00
Thread,3,12,120780.00,4220.00,13,8140.00,-1260.00
Thread,14,59,101680.00,6660.00,58,7720.00,82510.00
Thread,2,11,118960.00,6170.00,9,7790.00,95820.00
Thread,12,49,120640.00,4280.00,51,7650.00,117350.00
Thread,1,5,119170.00,5960.00,6,7580.00,117420.00
Thread,20,80,31570.00,8350.00,80,8350.00,31570.00
Thread,21,86,121430.00,180.00,84,7720.00,117280.00
Thread,13,55,120120.00,4700.00,54,5480.00,115390.00
Thread,7,29,118330.00,6800.00,28,8560.00,116440.00
Thread,15,63,118610.00,6310.00,60,9050.00,75880.00
Thread,10,40,117420.00,7580.00,43,8140.00,66870.00
Thread,5,20,124850.00,150.00,23,6740.00,-9790.00
Thread,11,46,127500.00,-2580.00,44,8910.00,110360.00
Thread,4,17,122430.00,-280.00,18,7090.00,113680.00
Thread,8,32,125240.00,-240.00,33,7860.00,-11040.00
Thread,6,24,120920.00,4080.00,27,8280.00,21670.00
Thread,9,37,23930.00,5260.00,39,8700.00,21660.00
Thread,17,68,115670.00,9330.00,68,9330.00,115670.00
Thread,16,64,122950.00,2050.00,66,9470.00,60630.00
Thread,23,92,119170.00,5830.00,95,9260.00,115740.00
Thread,18,72,117840.00,7160.00,72,7160.00,117840.00
Thread,22,91,127500.00,-2370.00,89,4150.00,118920.00
Thread,19,76,119380.00,5620.00,78,8280.00,116720.00
Best,A&B,127500.00,-2370.00
Execution,99999,100000,100000,99999,1000901,Bob-Decrypt
Thread,1,5,120430.00,4700.00,7,10240.00,114760.00
Thread,0,1,118890.00,6030.00,3,7930.00,117070.00
Thread,2,11,122530.00,2390.00,9,6950.00,118050.00
Thread,3,13,118750.00,6170.00,12,6670.00,118330.00
Thread,19,78,116250.00,8340.00,78,8420.00,116250.00
Thread,8,34,119380.00,5540.00,35,7930.00,37240.00
Thread,10,41,127500.00,-2580.00,40,10520.00,114480.00
Thread,17,68,123090.00,1910.00,69,7930.00,120.00
Thread,7,28,118960.00,6040.00,28,6040.00,118960.00
Thread,18,72,118330.00,6670.00,74,7440.00,-850.00
Thread,20,81,35060.00,6240.00,83,6880.00,-15990.00
Thread,15,63,120570.00,4350.00,60,8980.00,111870.00
Thread,9,38,31460.00,6310.00,39,7930.00,21780.00
Thread,11,46,127500.00,-2370.00,45,6250.00,32280.00
Thread,5,21,127500.00,-2530.00,23,7300.00,-9620.00
Thread,16,66,118260.00,6870.00,64,9680.00,95250.00
Thread,13,55,116340.00,7640.00,55,7720.00,116340.00
Thread,21,86,121770.00,190.00,84,7510.00,117490.00
Thread,6,26,115470.00,6940.00,24,7790.00,46080.00
Thread,23,94,119730.00,5400.00,95,6600.00,117020.00
Thread,12,51,118960.00,5960.00,50,7160.00,117840.00
Thread,22,89,92840.00,6880.00,89,6880.00,92840.00
Thread,14,59,117000.00,7920.00,59,8000.00,117000.00
Thread,4,17,125340.00,-390.00,19,6040.00,118960.00
Best,A&B,127500.00,-2530.00
----------------------------------------
TimeDiff: 30694 secs
Last best score: 127500.000000
