Thread,2,11,42720.00,2200.00,8,4170.00,40830.00
Thread,3,14,41670.00,3460.00,13,5850.00,39150.00
Thread,0,1,45130.00,0.00,3,2350.00,42650.00
Thread,8,33,46010.00,-1580.00,35,6270.00,-3770.00
Thread,18,72,45060.00,-60.00,73,4380.00,40620.00
Thread,10,40,46500.00,-1500.00,41,5760.00,39240.00
Thread,21,87,45010.00,-90.00,84,5010.00,3670.00
Thread,4,16,42510.00,2490.00,18,5010.00,39990.00
Thread,5,22,40830.00,4160.00,21,5290.00,-21380.00
Thread,9,37,46500.00,-1510.00,38,3540.00,-660.00
Thread,14,56,45440.00,-440.00,58,5430.00,39570.00
Thread,16,66,46500.00,-1510.00,67,2700.00,42300.00
Thread,12,50,46500.00,-1370.00,51,3610.00,41390.00
Thread,11,47,46500.00,-1580.00,46,2750.00,42250.00
Thread,7,31,46500.00,-1510.00,28,1650.00,43350.00
Thread,13,52,42300.00,2700.00,54,5010.00,39770.00
Thread,22,88,46500.00,-1500.00,89,6830.00,-3550.00
Thread,20,83,43350.00,1570.00,81,4530.00,-1360.00
Thread,23,92,45110.00,-110.00,93,3120.00,41880.00
Thread,17,69,41460.00,3530.00,70,5010.00,39260.00
Thread,15,63,41880.00,2560.00,60,4380.00,40620.00
Thread,19,79,42930.00,2200.00,77,3750.00,-930.00
Best,A&B,46500.00,-1500.00
----------------------------------------
Execution,99999,100000,99999,99999,1003970,Eve-Adversary
Adversary,0,10,1003970
Best,Eve,1090.00
Adversary,1,10,1003971
Best,Eve,1090.00
Adversary,2,10,1003972
Best,Eve,1090.00
Adversary,3,10,1003973
Best,Eve,1090.00
Adversary,4,10,1003974
Best,Eve,880.00
Adversary,5,10,1003975
Best,Eve,950.00
Adversary,6,10,1003976
Best,Eve,1090.00
Adversary,7,10,1003977
Best,Eve,670.00
Adversary,8,10,1003978
Best,Eve,1090.00
Adversary,9,10,1003979
Best,Eve,880.00
Execution,99999,100000,99999,99999,1003980,Alice-Encrypt
Thread,0,3,41600.00,3320.00,0,5640.00,13430.00
Thread,2,9,43420.00,1500.00,10,7600.00,37400.00
Thread,1,5,41880.00,3040.00,4,4940.00,40060.00
Thread,13,54,43140.00,1780.00,53,4380.00,-12430.00
Thread,3,12,42230.00,2770.00,15,4450.00,40550.00
Thread,12,51,40900.00,4090.00,48,5010.00,39990.00
Thread,8,33,42090.00,2830.00,32,5220.00,39780.00
Thread,6,24,41180.00,3820.00,25,4590.00,40410.00
Thread,5,22,45170.00,-40.00,20,4030.00,-1240.00
Thread,20,83,43770.00,1150.00,82,4240.00,-1130.00
Thread,23,94,45020.00,-100.00,92,6060.00,38940.00
Thread,19,78,42930.00,2200.00,76,3820.00,41180.00
Thread,7,29,42860.00,2270.00,30,4170.00,40830.00
Thread,9,37,44850.00,80.00,38,4310.00,-13770.00
Thread,10,41,42510.00,2410.00,40,6340.00,38660.00
Thread,4,17,42130.00,2550.00,16,4450.00,40550.00
Thread,14,56,42650.00,2350.00,59,5010.00,39990.00
Thread,15,61,42930.00,1990.00,60,5850.00,39150.00
Thread,16,67,41600.00,3530.00,64,3750.00,-880.00
Thread,17,70,46500.00,-1580.00,71,3750.00,41250.00
Thread,21,85,46500.00,-1580.00,84,3750.00,41250.00
Thread,18,72,44820.00,180.00,74,5010.00,1380.00
Thread,22,88,41740.00,3260.00,90,5710.00,39290.00
Thread,11,46,41390.00,3740.00,47,5920.00,-3060.00
Best,A&B,46500.00,-1580.00
Execution,99999,100000,100000,99999,1003980,Bob-Decrypt
Thread,1,6,41250.00,3670.00,5,5640.00,38680.00
Thread,2,10,43280.00,1640.00,9,4940.00,40060.00
Thread,3,15,43000.00,2130.00,13,5710.00,39290.00
Thread,0,2,42090.00,2830.00,3,4590.00,40410.00
Thread,17,70,46500.00,-1370.00,71,5010.00,39990.00
Thread,4,19,41600.00,3320.00,16,4590.00,40410.00
Thread,16,67,45450.00,-320.00,66,5220.00,38970.00
Thread,11,44,39780.00,5220.00,45,7320.00,37680.00
Thread,9,36,43360.00,1410.00,38,3820.00,8410.00
Thread,5,22,41670.00,3250.00,21,4380.00,40620.00
Thread,8,33,42580.00,2550.00,34,3960.00,41040.00
Thread,23,95,42370.00,2630.00,92,4450.00,40550.00
Thread,6,26,43070.00,2060.00,24,4450.00,40550.00
Thread,18,74,8410.00,3670.00,72,5220.00,-1970.00
Thread,10,42,43630.00,1500.00,41,5290.00,39710.00
Thread,15,60,39780.00,5220.00,60,5220.00,39780.00
Thread,19,78,42300.00,2830.00,76,5290.00,39710.00
Thread,22,90,42370.00,2760.00,89,4100.00,40900.00
Thread,12,51,40410.00,4580.00,49,6480.00,38520.00
Thread,14,58,42650.00,2480.00,57,6270.00,38730.00
Thread,20,80,41600.00,3400.00,81,6060.00,-3350.00
Thread,7,31,21500.00,-920.00,28,7040.00,-18500.00
Thread,21,85,46500.00,-1580.00,84,5860.00,39140.00
Thread,13,54,42160.00,2760.00,52,4800.00,-1580.00
Best,A&B,46500.00,-1580.00
----------------------------------------
TimeDiff: 14195 secs
Last best score: 46500.000000
