Thread,2,8,-1000000.00,3750.00,9,4800.00,-8095162.00
Thread,3,12,-1000000.00,2700.00,15,5220.00,-7456674.00
Thread,19,76,-1000000.00,5010.00,76,5010.00,-10507155.00
Thread,10,40,-1000000.00,-1500.00,42,4170.00,-2503843584.00
Thread,15,60,-1000000.00,5220.00,61,5850.00,-11060671.00
Thread,6,24,-1000000.00,3750.00,27,5220.00,-7763492.00
Thread,8,32,-1000000.00,3750.00,33,4380.00,-10104245.00
Thread,9,36,-1000000.00,4800.00,36,4800.00,-8031688.00
Thread,13,52,-1000000.00,2910.00,54,5850.00,-8090831.00
Thread,5,20,-1000000.00,5640.00,20,5640.00,-7716108.00
Thread,4,16,-1000000.00,2910.00,19,3960.00,-8118916.00
Thread,22,88,-1000000.00,4380.00,89,4590.00,-11546119.00
Thread,7,28,-1000000.00,3540.00,31,5010.00,-16756479.00
Thread,16,64,-1000000.00,3540.00,65,5010.00,-10050669.00
Thread,11,44,-1000000.00,1650.00,47,5430.00,-15841909.00
Thread,20,80,-1000000.00,2910.00,83,5010.00,-7740155.00
Thread,18,72,-1000000.00,2700.00,74,5430.00,-8075455.00
Thread,17,68,-1000000.00,3540.00,70,4590.00,-7539858.00
Thread,12,48,-1000000.00,3120.00,51,5430.00,-7703599.00
Thread,23,92,-1000000.00,3960.00,92,3960.00,-8000202.00
Thread,14,56,-1000000.00,3750.00,58,5640.00,-10289268.00
Thread,21,84,-1000000.00,5220.00,85,6480.00,-221727457280.00
Best,A&B,-1000000.00,4380.00
----------------------------------------
Execution,99999,100000,99999,99999,1002503,Eve-Adversary
Adversary,0,10,1002503
Best,Eve,880.00
Adversary,1,10,1002504
Best,Eve,1300.00
Adversary,2,10,1002505
Best,Eve,1090.00
Adversary,3,10,1002506
Best,Eve,1090.00
Adversary,4,10,1002507
Best,Eve,1090.00
Adversary,5,10,1002508
Best,Eve,880.00
Adversary,6,10,1002509
Best,Eve,1090.00
Adversary,7,10,1002510
Best,Eve,880.00
Adversary,8,10,1002511
Best,Eve,1090.00
Adversary,9,10,1002512
Best,Eve,880.00
Execution,99999,100000,99999,99999,1002513,Alice-Encrypt
Thread,0,0,-1000000.00,4800.00,2,5430.00,-7746063.00
Thread,3,12,-1000000.00,-1500.00,14,4380.00,-10500487.00
Thread,1,4,-1000000.00,4240.00,5,6690.00,-7959364.00
Thread,2,8,-1000000.00,2490.00,11,4380.00,-7685264.00
Thread,14,56,-1000000.00,5010.00,56,5010.00,-2315024384.00
Thread,10,40,-1000000.00,3330.00,43,3960.00,-7642758.00
Thread,21,84,-1000000.00,5220.00,84,5220.00,-7511896.00
Thread,17,68,-1000000.00,4590.00,70,5850.00,-10333715.00
Thread,5,20,-1000000.00,4170.00,23,4590.00,-10725024.00
Thread,23,92,-1000000.00,3540.00,94,3960.00,-10272410.00
Thread,15,60,-1000000.00,-1500.00,61,5010.00,-10368853.00
Thread,16,64,-1000000.00,-1500.00,65,5220.00,-4630501376.00
Thread,22,88,-1000000.00,6480.00,88,6480.00,-8301900.00
Thread,11,44,-1000000.00,3120.00,46,5010.00,-309240004608.00
Thread,13,52,-1000000.00,5220.00,52,5220.00,-7635556.00
Thread,20,80,-1000000.00,3400.00,80,3400.00,-7945213.00
Thread,4,16,-1000000.00,5010.00,16,5010.00,-7855087.00
Thread,6,24,-1000000.00,3330.00,27,4800.00,-7533647.00
Thread,9,36,-1000000.00,6060.00,36,6060.00,-309240791040.00
Thread,7,28,-1000000.00,3120.00,31,4590.00,-10547135.00
Thread,8,32,-1000000.00,2700.00,34,3960.00,-7676904.00
Thread,18,72,-1000000.00,3960.00,75,4800.00,-53993712.00
Thread,19,76,-1000000.00,5010.00,78,5220.00,-10203789.00
Thread,12,48,-1000000.00,5220.00,49,5430.00,-9994828.00
Best,A&B,-1000000.00,6480.00
Execution,99999,100000,100000,99999,1002513,Bob-Decrypt
Thread,0,0,-1000000.00,4170.00,1,5010.00,-7490769.00
Thread,2,8,-1000000.00,4590.00,8,4590.00,-10920322.00
Thread,1,4,-1000000.00,3820.00,7,4800.00,-10279832.00
Thread,3,12,-1000000.00,2910.00,15,5220.00,-8340308.00
Thread,7,28,-1000000.00,5640.00,28,5640.00,-7651173.00
Thread,19,76,-1000000.00,2700.00,77,3540.00,-7493015.00
Thread,11,44,-1000000.00,5220.00,44,5220.00,-10840686.00
Thread,16,64,-1000000.00,-1500.00,67,5850.00,-7970133.00
Thread,9,36,-1000000.00,4800.00,39,6480.00,-7630719.00
Thread,20,80,-1000000.00,4660.00,81,6480.00,-309240528896.00
Thread,14,56,-1000000.00,4800.00,56,4800.00,-10599439.00
Thread,6,24,-1000000.00,2070.00,27,6060.00,-7828877.00
Thread,8,32,-1000000.00,5010.00,35,6060.00,-309239578624.00
Thread,5,20,-1000000.00,3960.00,21,4380.00,-7769926.00
Thread,4,16,-1000000.00,4170.00,17,4380.00,-8100495.00
Thread,23,92,-1000000.00,1860.00,93,5220.00,-7799414.00
Thread,21,84,-1000000.00,3540.00,86,4590.00,-27811969024.00
Thread,17,68,-1000000.00,1650.00,71,5640.00,-12012198.00
Thread,13,52,-1000000.00,2350.00,55,6690.00,-111107473408.00
Thread,18,72,-1000000.00,3960.00,73,5010.00,-7655442.00
Thread,22,88,-1000000.00,6060.00,88,6060.00,-7731556.00
Thread,15,60,-1000000.00,-1500.00,62,5010.00,-8053618.00
Thread,12,48,-1000000.00,1650.00,50,5430.00,-12377710.00
Thread,10,40,-1000000.00,3750.00,43,4170.00,-44926076.00
Best,A&B,-1000000.00,6060.00
----------------------------------------
TimeDiff: 22630 secs
Last best score: -1000000.000000
