Thread,3,13,39780.00,5350.00,13,5220.00,39780.00
Thread,2,11,42300.00,2620.00,8,4310.00,40690.00
Thread,23,92,44860.00,140.00,95,5080.00,39920.00
Thread,9,36,40830.00,4170.00,39,4590.00,40410.00
Thread,22,89,4920.00,-1370.00,91,4870.00,-2130.00
Thread,8,34,41250.00,3670.00,32,5640.00,-22920.00
Thread,17,68,-440.00,3120.00,69,3540.00,-20010.00
Thread,21,86,42720.00,2410.00,85,4170.00,-1270.00
Thread,18,75,4830.00,4790.00,75,4800.00,4830.00
Thread,14,56,4190.00,-1500.00,59,3960.00,-870.00
Thread,16,65,46500.00,-1370.00,64,4240.00,24170.00
Thread,5,23,4730.00,-1580.00,20,4380.00,-20780.00
Thread,4,18,45740.00,-610.00,16,4380.00,40620.00
Thread,19,77,45310.00,-620.00,78,4660.00,-1600.00
Thread,6,24,42090.00,2910.00,25,4030.00,40970.00
Thread,10,43,41040.00,3880.00,41,5220.00,39780.00
Thread,7,30,1130.00,1920.00,31,5710.00,-2790.00
Thread,20,82,1350.00,1990.00,81,5010.00,-2060.00
Thread,12,49,45100.00,30.00,50,5220.00,39780.00
Thread,11,45,40690.00,4440.00,46,5290.00,39710.00
Thread,13,55,46500.00,-1580.00,53,4450.00,-1420.00
Thread,15,61,41390.00,3740.00,62,5080.00,39920.00
Best,A&B,46500.00,-1370.00
----------------------------------------
Execution,99999,100000,99999,99999,999749,Eve-Adversary
Adversary,0,10,999749
Best,Eve,1090.00
Adversary,1,10,999750
Best,Eve,1090.00
Adversary,2,10,999751
Best,Eve,880.00
Adversary,3,10,999752
Best,Eve,1090.00
Adversary,4,10,999753
Best,Eve,1300.00
Adversary,5,10,999754
Best,Eve,880.00
Adversary,6,10,999755
Best,Eve,1090.00
Adversary,7,10,999756
Best,Eve,1300.00
Adversary,8,10,999757
Best,Eve,1090.00
Adversary,9,10,999758
Best,Eve,1090.00
Execution,99999,100000,99999,99999,999759,Alice-Encrypt
Thread,0,2,41250.00,3670.00,0,6060.00,38940.00
Thread,18,75,34320.00,1780.00,74,3540.00,-20280.00
Thread,2,8,41810.00,3190.00,10,5130.00,39870.00
Thread,3,14,44310.00,610.00,15,5220.00,-6810.00
Thread,1,4,41180.00,3820.00,6,4450.00,-1210.00
Thread,14,56,41390.00,3610.00,57,4240.00,-6850.00
Thread,5,21,40830.00,4090.00,20,4450.00,-20680.00
Thread,8,33,42790.00,2340.00,35,5640.00,-2850.00
Thread,21,84,12180.00,3050.00,85,5500.00,-2210.00
Thread,17,70,-440.00,3600.00,71,4030.00,-1160.00
Thread,15,63,40410.00,4720.00,61,6340.00,38660.00
Thread,6,25,41460.00,3460.00,27,5430.00,-10240.00
Thread,4,17,42060.00,2830.00,18,3960.00,-6240.00
Thread,7,28,38940.00,6060.00,28,6060.00,38940.00
Thread,22,90,830.00,1710.00,88,5220.00,-21200.00
Thread,20,81,4480.00,-1370.00,80,4450.00,-6560.00
Thread,19,79,46500.00,-1580.00,78,5010.00,-1950.00
Thread,16,67,41460.00,3460.00,67,3540.00,41460.00
Thread,13,55,41390.00,3530.00,52,7320.00,37680.00
Thread,12,51,42580.00,2550.00,50,3120.00,41880.00
Thread,9,39,6530.00,5630.00,38,5500.00,-2260.00
Thread,10,43,43770.00,1150.00,41,5080.00,39920.00
Thread,11,45,44170.00,750.00,44,3690.00,-500.00
Thread,23,92,43280.00,1720.00,93,5080.00,39920.00
Best,A&B,46500.00,-1580.00
Execution,99999,100000,100000,99999,999759,Bob-Decrypt
Thread,1,5,41880.00,3040.00,6,4730.00,40270.00
Thread,0,1,41530.00,3390.00,3,6480.00,-3740.00
Thread,3,12,41880.00,3120.00,15,3820.00,41180.00
Thread,2,11,45170.00,-40.00,8,4170.00,40830.00
Thread,17,70,24540.00,4650.00,68,5850.00,-2700.00
Thread,7,30,40830.00,4090.00,29,6480.00,38260.00
Thread,9,38,41670.00,3460.00,37,3890.00,6600.00
Thread,15,62,5580.00,4090.00,63,5920.00,-3090.00
Thread,10,40,39500.00,5500.00,43,6340.00,38660.00
Thread,4,16,41600.00,3400.00,19,5010.00,-1840.00
Thread,20,83,43310.00,1610.00,80,4030.00,-5910.00
Thread,13,53,42090.00,2830.00,54,5290.00,-2390.00
Thread,19,77,42380.00,2480.00,76,2700.00,-19280.00
Thread,6,25,41810.00,3320.00,26,4800.00,-2100.00
Thread,18,73,42880.00,2040.00,74,5710.00,-16500.00
Thread,8,34,40720.00,4200.00,33,5570.00,39430.00
Thread,16,66,37310.00,4230.00,65,5180.00,-4230.00
Thread,5,21,40830.00,4300.00,22,5080.00,-2460.00
Thread,22,90,310.00,2970.00,88,5430.00,-2440.00
Thread,12,51,40900.00,4230.00,48,4240.00,40760.00
Thread,23,94,44700.00,-1580.00,92,5430.00,36440.00
Thread,11,45,44640.00,490.00,44,4940.00,-2220.00
Thread,14,56,42860.00,2140.00,58,5430.00,-6660.00
Thread,21,87,46500.00,-1570.00,84,2980.00,13570.00
Best,A&B,46500.00,-1570.00
----------------------------------------
TimeDiff: 13292 secs
Last best score: 46500.000000
