Thread,6,27,244330.00,610.00,24,10220.00,15790.00
Thread,3,12,242220.00,2780.00,14,8960.00,236040.00
Thread,2,10,242210.00,2920.00,9,11480.00,233520.00
Thread,4,17,245050.00,80.00,18,11060.00,233940.00
Thread,18,74,234500.00,10420.00,74,10500.00,234500.00
Thread,19,78,239610.00,5520.00,76,9310.00,68630.00
Thread,16,66,239730.00,5400.00,67,9800.00,235200.00
Thread,10,42,245280.00,-230.00,40,5740.00,26290.00
Thread,14,56,237720.00,7280.00,59,11550.00,233450.00
Thread,11,47,236040.00,8950.00,44,9590.00,-3890.00
Thread,5,22,239050.00,5880.00,23,13160.00,18310.00
Thread,21,84,236670.00,8330.00,87,10430.00,66870.00
Thread,15,62,241860.00,3270.00,63,8610.00,85350.00
Thread,8,32,237160.00,7840.00,34,10640.00,234360.00
Thread,22,89,238560.00,6360.00,91,10430.00,129560.00
Thread,20,82,246220.00,-1090.00,80,7510.00,69970.00
Thread,12,49,245020.00,-100.00,48,8260.00,236740.00
Thread,23,94,244770.00,150.00,95,10080.00,234920.00
Thread,9,37,238130.00,6790.00,36,9170.00,235830.00
Thread,17,71,248500.00,-3580.00,70,11900.00,233100.00
Thread,7,30,239400.00,5730.00,28,8960.00,236040.00
Thread,13,55,246380.00,-1460.00,53,7280.00,52820.00
Best,A&B,248500.00,-3580.00
----------------------------------------
Execution,99999,100000,99999,99999,1000308,Eve-Adversary
Adversary,0,10,1000308
Best,Eve,1090.00
Adversary,1,10,1000309
Best,Eve,880.00
Adversary,2,10,1000310
Best,Eve,1090.00
Adversary,3,10,1000311
Best,Eve,880.00
Adversary,4,10,1000312
Best,Eve,880.00
Adversary,5,10,1000313
Best,Eve,1090.00
Adversary,6,10,1000314
Best,Eve,880.00
Adversary,7,10,1000315
Best,Eve,880.00
Adversary,8,10,1000316
Best,Eve,880.00
Adversary,9,10,1000317
Best,Eve,1300.00
Execution,99999,100000,99999,99999,1000318,Alice-Encrypt
Thread,15,61,236880.00,8110.00,62,9800.00,235200.00
Thread,14,59,240270.00,4860.00,58,10640.00,234360.00
Thread,2,8,248500.00,-3500.00,9,11480.00,233520.00
Thread,3,14,238560.00,6360.00,15,10640.00,234360.00
Thread,7,31,246780.00,-1860.00,30,11900.00,233100.00
Thread,0,1,236950.00,8180.00,0,10500.00,234500.00
Thread,1,4,240830.00,4170.00,5,10640.00,234360.00
Thread,13,55,245870.00,-740.00,53,11620.00,13490.00
Thread,21,86,248500.00,-3580.00,85,8750.00,191960.00
Thread,10,42,235620.00,9510.00,42,9380.00,235620.00
Thread,22,91,241280.00,3640.00,89,12600.00,232400.00
Thread,9,36,240030.00,4970.00,37,10430.00,234570.00
Thread,23,94,248500.00,-3370.00,93,9310.00,164280.00
Thread,19,78,234570.00,10350.00,79,10640.00,66540.00
Thread,5,20,245060.00,-60.00,23,8960.00,22000.00
Thread,8,34,236040.00,9090.00,33,9590.00,83290.00
Thread,12,48,245830.00,-830.00,50,10430.00,66310.00
Thread,11,45,234640.00,10280.00,45,10360.00,234640.00
Thread,18,74,237790.00,7340.00,72,9590.00,235410.00
Thread,6,25,236880.00,8040.00,27,11270.00,233730.00
Thread,16,65,239330.00,5590.00,66,10920.00,234080.00
Thread,20,81,237510.00,7410.00,80,11270.00,66150.00
Thread,4,17,244990.00,-70.00,19,8540.00,236460.00
Thread,17,69,240850.00,4070.00,70,9380.00,235620.00
Best,A&B,248500.00,-3580.00
Execution,99999,100000,100000,99999,1000318,Bob-Decrypt
Thread,2,8,248500.00,-3500.00,10,10640.00,234360.00
Thread,1,4,241090.00,3910.00,5,11900.00,233100.00
Thread,3,13,238070.00,6850.00,14,12740.00,232260.00
Thread,6,27,239820.00,5100.00,25,11130.00,233870.00
Thread,0,0,236530.00,8470.00,1,9590.00,235410.00
Thread,22,91,238400.00,6730.00,90,9590.00,85000.00
Thread,18,74,237510.00,7620.00,72,8960.00,236040.00
Thread,21,87,239270.00,5720.00,85,8750.00,236250.00
Thread,11,45,238070.00,7060.00,47,12320.00,61330.00
Thread,9,39,248500.00,-3370.00,37,9380.00,235620.00
Thread,4,17,244780.00,350.00,19,14630.00,230370.00
Thread,19,78,237930.00,7200.00,79,11900.00,65440.00
Thread,16,67,240450.00,4470.00,64,11480.00,161110.00
Thread,17,69,239840.00,5290.00,71,11270.00,65200.00
Thread,23,94,248500.00,-3580.00,93,5670.00,239330.00
Thread,13,55,245270.00,-140.00,53,8890.00,77900.00
Thread,10,40,244940.00,60.00,42,11480.00,233520.00
Thread,20,81,238980.00,5940.00,82,12810.00,78320.00
Thread,8,35,248500.00,-3580.00,32,11840.00,61660.00
Thread,5,20,244660.00,340.00,22,7280.00,237720.00
Thread,7,30,237720.00,7410.00,29,9730.00,235270.00
Thread,14,57,248500.00,-3370.00,56,7700.00,68860.00
Thread,12,48,244750.00,250.00,50,11550.00,233450.00
Thread,15,60,248500.00,-3500.00,62,11830.00,233170.00
Best,A&B,248500.00,-3500.00
----------------------------------------
TimeDiff: 57158 secs
Last best score: 248500.000000
