Thread,6,27,173340.00,6790.00,25,7990.00,172010.00
Thread,2,9,174180.00,5810.00,11,9040.00,170590.00
Thread,0,2,176210.00,3920.00,3,8270.00,171730.00
Thread,21,87,183000.00,-3080.00,85,9530.00,170470.00
Thread,11,47,173340.00,6790.00,46,8550.00,42540.00
Thread,22,91,172450.00,6370.00,90,8760.00,171240.00
Thread,17,69,172080.00,8050.00,68,9880.00,170120.00
Thread,16,64,183000.00,-3000.00,66,8130.00,42740.00
Thread,19,77,183000.00,-2870.00,76,8130.00,122550.00
Thread,4,19,173970.00,5950.00,16,9600.00,41200.00
Thread,23,93,173230.00,5950.00,94,7710.00,25070.00
Thread,5,22,180290.00,-160.00,23,7500.00,172500.00
Thread,8,32,75920.00,7920.00,34,9810.00,41540.00
Thread,7,31,163230.00,8680.00,29,11210.00,610.00
Thread,9,36,177230.00,2770.00,37,9180.00,170820.00
Thread,18,75,176490.00,3640.00,74,8480.00,171520.00
Thread,13,52,173550.00,6450.00,53,7500.00,43930.00
Thread,10,42,172880.00,6510.00,43,9880.00,41650.00
Thread,12,50,183000.00,-3080.00,49,7150.00,172850.00
Thread,20,81,181380.00,-1250.00,82,11000.00,169000.00
Thread,14,58,174390.00,5740.00,57,10860.00,169140.00
Thread,15,63,175720.00,4200.00,61,8200.00,43140.00
Best,A&B,183000.00,-3080.00
----------------------------------------
Execution,99999,100000,99999,99999,1008049,Eve-Adversary
Adversary,0,10,1008049
Best,Eve,1090.00
Adversary,1,10,1008050
Best,Eve,1300.00
Adversary,2,10,1008051
Best,Eve,1090.00
Adversary,3,10,1008052
Best,Eve,880.00
Adversary,4,10,1008053
Best,Eve,1090.00
Adversary,5,10,1008054
Best,Eve,880.00
Adversary,6,10,1008055
Best,Eve,880.00
Adversary,7,10,1008056
Best,Eve,1090.00
Adversary,8,10,1008057
Best,Eve,880.00
Adversary,9,10,1008058
Best,Eve,1090.00
Execution,99999,100000,99999,99999,1008059,Alice-Encrypt
Thread,1,7,174530.00,5390.00,5,9600.00,170400.00
Thread,2,9,174810.00,5110.00,11,9040.00,170960.00
Thread,3,13,179370.00,760.00,12,8970.00,171030.00
Thread,19,79,174710.00,5210.00,76,10860.00,168010.00
Thread,0,0,174240.00,5400.00,2,9390.00,170250.00
Thread,9,36,183000.00,-3000.00,38,7920.00,172080.00
Thread,17,69,171980.00,7420.00,68,7710.00,42690.00
Thread,8,34,176070.00,4060.00,35,7220.00,44080.00
Thread,18,74,175230.00,4690.00,75,9110.00,170890.00
Thread,15,63,173130.00,7000.00,62,8690.00,42770.00
Thread,10,40,175300.00,4700.00,41,8550.00,42460.00
Thread,16,64,183000.00,-3000.00,66,10650.00,169350.00
Thread,7,31,173270.00,6720.00,28,8550.00,57100.00
Thread,6,25,176240.00,3890.00,26,9110.00,170890.00
Thread,4,18,174600.00,5530.00,17,8830.00,171170.00
Thread,20,81,173130.00,6790.00,83,9600.00,41700.00
Thread,22,89,174110.00,5810.00,88,11280.00,168720.00
Thread,21,85,176000.00,3920.00,87,8900.00,171100.00
Thread,11,44,173130.00,6870.00,47,9390.00,170610.00
Thread,12,51,183000.00,-3080.00,49,11700.00,168300.00
Thread,5,20,171870.00,8130.00,21,9600.00,169680.00
Thread,13,54,172970.00,6580.00,52,10860.00,40240.00
Thread,14,56,173130.00,6870.00,59,9810.00,115110.00
Thread,23,95,172430.00,7700.00,92,10930.00,40080.00
Best,A&B,183000.00,-3000.00
Execution,99999,100000,100000,99999,1008059,Bob-Decrypt
Thread,1,6,175720.00,4410.00,7,7780.00,172220.00
Thread,3,13,179390.00,530.00,15,10440.00,169190.00
Thread,0,0,175230.00,4770.00,3,7920.00,172080.00
Thread,6,25,176320.00,3810.00,27,8270.00,55830.00
Thread,2,10,175440.00,4690.00,9,6800.00,173200.00
Thread,10,40,171790.00,7850.00,41,10370.00,40900.00
Thread,15,62,173900.00,6020.00,60,7360.00,172640.00
Thread,18,74,173760.00,6370.00,72,9460.00,170540.00
Thread,9,36,183000.00,-3000.00,37,6100.00,4570.00
Thread,17,69,58900.00,11830.00,69,11910.00,58900.00
Thread,14,59,117750.00,6370.00,56,8410.00,42260.00
Thread,12,51,183000.00,-3080.00,49,9390.00,170610.00
Thread,16,65,172010.00,7980.00,67,8760.00,170520.00
Thread,4,19,175020.00,5110.00,17,8410.00,171590.00
Thread,5,21,172710.00,7210.00,20,8690.00,171310.00
Thread,7,28,173130.00,6870.00,31,8200.00,43340.00
Thread,19,79,178090.00,1830.00,77,9610.00,170390.00
Thread,13,54,174320.00,5600.00,52,8550.00,42060.00
Thread,20,81,174600.00,5320.00,83,9600.00,170400.00
Thread,8,34,172850.00,7070.00,33,7780.00,172220.00
Thread,21,87,171650.00,8270.00,84,8760.00,171240.00
Thread,22,88,175020.00,4980.00,91,10020.00,169980.00
Thread,23,95,172290.00,7840.00,94,8620.00,171380.00
Thread,11,46,174530.00,5460.00,47,8550.00,171450.00
Best,A&B,183000.00,-3080.00
----------------------------------------
TimeDiff: 48969 secs
Last best score: 183000.000000
