Thread,3,12,119280.00,5410.00,15,8840.00,116160.00
Thread,0,3,120850.00,4280.00,1,8350.00,116650.00
Thread,1,7,119450.00,5470.00,6,8140.00,116860.00
Thread,21,85,118870.00,5120.00,84,8770.00,21530.00
Thread,11,44,125010.00,-10.00,47,8840.00,115850.00
Thread,22,88,121900.00,3100.00,91,7720.00,22720.00
Thread,17,70,118960.00,6170.00,69,8140.00,116860.00
Thread,8,33,120010.00,4910.00,35,8350.00,21980.00
Thread,18,72,127500.00,-2500.00,73,7720.00,117280.00
Thread,23,95,118540.00,6590.00,95,6460.00,118540.00
Thread,4,18,119040.00,5750.00,17,8980.00,116020.00
Thread,12,50,118750.00,6170.00,51,8490.00,116150.00
Thread,9,39,120220.00,4700.00,38,6880.00,118120.00
Thread,5,21,122740.00,2390.00,22,7510.00,117490.00
Thread,19,77,122870.00,1640.00,78,9260.00,98070.00
Thread,16,65,121690.00,3440.00,66,8350.00,116300.00
Thread,7,30,23440.00,6800.00,31,7300.00,22750.00
Thread,20,80,117210.00,7790.00,83,8770.00,116230.00
Thread,10,41,121040.00,3880.00,43,7930.00,117070.00
Thread,13,52,120220.00,4780.00,55,9190.00,115810.00
Thread,15,60,119590.00,5410.00,63,6740.00,118260.00
Thread,14,57,35540.00,4490.00,59,6810.00,22730.00
Best,A&B,127500.00,-2500.00
----------------------------------------
Execution,99999,100000,99999,99999,1002275,Eve-Adversary
Adversary,0,10,1002275
Best,Eve,1090.00
Adversary,1,10,1002276
Best,Eve,1090.00
Adversary,2,10,1002277
Best,Eve,880.00
Adversary,3,10,1002278
Best,Eve,1090.00
Adversary,4,10,1002279
Best,Eve,880.00
Adversary,5,10,1002280
Best,Eve,1090.00
Adversary,6,10,1002281
Best,Eve,1090.00
Adversary,7,10,1002282
Best,Eve,880.00
Adversary,8,10,1002283
Best,Eve,880.00
Adversary,9,10,1002284
Best,Eve,880.00
Execution,99999,100000,99999,99999,1002285,Alice-Encrypt
Thread,2,10,119380.00,5540.00,11,8350.00,116650.00
Thread,11,46,127500.00,-2370.00,44,6250.00,118750.00
Thread,0,0,125080.00,-80.00,3,6880.00,118120.00
Thread,7,28,120300.00,4360.00,31,6460.00,23110.00
Thread,3,15,118680.00,6240.00,14,7300.00,117360.00
Thread,1,6,119800.00,5120.00,7,9190.00,115500.00
Thread,6,26,120430.00,4490.00,27,7300.00,22500.00
Thread,21,85,117490.00,7640.00,85,7510.00,117490.00
Thread,20,83,120080.00,4840.00,80,6870.00,39370.00
Thread,22,88,127500.00,-2500.00,91,10240.00,19360.00
Thread,16,66,121790.00,2990.00,67,8770.00,21430.00
Thread,15,60,119660.00,5340.00,63,6810.00,118190.00
Thread,17,70,120010.00,5120.00,69,6530.00,118470.00
Thread,14,59,24240.00,5540.00,59,5620.00,24240.00
Thread,12,48,120640.00,4360.00,49,6880.00,300.00
Thread,8,33,124640.00,280.00,34,8560.00,116120.00
Thread,4,16,121900.00,3100.00,18,7300.00,117390.00
Thread,5,22,120150.00,4980.00,23,8420.00,-10840.00
Thread,23,95,118300.00,6310.00,93,7510.00,21970.00
Thread,13,55,121210.00,3710.00,52,8130.00,116870.00
Thread,10,41,120220.00,4700.00,43,10240.00,114760.00
Thread,9,39,119800.00,5120.00,36,6880.00,118120.00
Thread,18,74,117490.00,7430.00,73,7930.00,21840.00
Thread,19,76,119100.00,5900.00,77,6880.00,118120.00
Best,A&B,127500.00,-2500.00
Execution,99999,100000,100000,99999,1002285,Bob-Decrypt
Thread,2,8,120820.00,3870.00,9,7230.00,117770.00
Thread,3,14,119170.00,5750.00,13,6460.00,118540.00
Thread,0,0,124980.00,20.00,3,7720.00,117280.00
Thread,1,5,121270.00,3650.00,6,10030.00,114620.00
Thread,6,27,118330.00,6800.00,24,8980.00,20120.00
Thread,21,84,120430.00,4570.00,85,7930.00,117070.00
Thread,11,47,127130.00,-2510.00,45,5830.00,-8470.00
Thread,22,88,127170.00,-2500.00,91,7300.00,117700.00
Thread,17,69,119880.00,4630.00,71,8770.00,116230.00
Thread,9,37,118960.00,6170.00,36,7650.00,117350.00
Thread,19,77,118540.00,6590.00,77,6460.00,118540.00
Thread,4,17,119930.00,5200.00,16,8350.00,116650.00
Thread,8,33,125120.00,-200.00,34,10660.00,19360.00
Thread,16,66,121680.00,3450.00,65,8750.00,28420.00
Thread,23,95,118690.00,5820.00,94,10450.00,10470.00
Thread,12,49,118540.00,6380.00,50,8070.00,116930.00
Thread,5,20,118470.00,6530.00,21,8700.00,-15330.00
Thread,13,53,120220.00,4700.00,54,7090.00,117910.00
Thread,18,74,121690.00,3230.00,73,7930.00,21600.00
Thread,20,82,117910.00,7220.00,82,7090.00,117910.00
Thread,14,59,121270.00,3860.00,57,6880.00,32910.00
Thread,7,28,119590.00,5410.00,31,7930.00,117070.00
Thread,15,61,119590.00,5330.00,62,7510.00,17700.00
Thread,10,40,121900.00,3100.00,42,6880.00,23400.00
Best,A&B,127170.00,-2500.00
----------------------------------------
TimeDiff: 34396 secs
Last best score: 127170.000000
