Thread,2,11,175440.00,4690.00,8,11070.00,168930.00
Thread,0,3,177850.00,2280.00,1,9390.00,170610.00
Thread,4,16,176870.00,3130.00,18,9180.00,170820.00
Thread,21,84,183000.00,-3000.00,87,9600.00,170400.00
Thread,19,77,173900.00,6230.00,76,7780.00,172220.00
Thread,6,27,172500.00,7490.00,25,8620.00,42970.00
Thread,17,69,176820.00,3310.00,68,7500.00,172500.00
Thread,12,51,175160.00,4970.00,49,9390.00,82120.00
Thread,18,72,176070.00,3930.00,75,8550.00,56260.00
Thread,11,44,180050.00,-50.00,46,6100.00,173900.00
Thread,22,89,179900.00,230.00,88,7430.00,172570.00
Thread,8,32,179960.00,40.00,35,7080.00,172920.00
Thread,20,83,171800.00,8330.00,80,9390.00,41700.00
Thread,10,43,180080.00,-160.00,42,8830.00,171170.00
Thread,7,31,180260.00,-320.00,29,4140.00,46660.00
Thread,23,94,173830.00,6300.00,93,7500.00,172500.00
Thread,15,60,173970.00,6030.00,62,8340.00,42540.00
Thread,5,20,175370.00,4630.00,22,8760.00,114920.00
Thread,9,38,172500.00,7420.00,37,8550.00,171450.00
Thread,16,65,173340.00,6580.00,64,10230.00,169770.00
Thread,13,54,175650.00,4270.00,53,9530.00,170470.00
Thread,14,57,172570.00,7350.00,59,9180.00,55280.00
Best,A&B,183000.00,-3000.00
----------------------------------------
Execution,99999,100000,99999,99999,1001761,Eve-Adversary
Adversary,0,10,1001761
Best,Eve,880.00
Adversary,1,10,1001762
Best,Eve,880.00
Adversary,2,10,1001763
Best,Eve,880.00
Adversary,3,10,1001764
Best,Eve,1090.00
Adversary,4,10,1001765
Best,Eve,1090.00
Adversary,5,10,1001766
Best,Eve,880.00
Adversary,6,10,1001767
Best,Eve,1090.00
Adversary,7,10,1001768
Best,Eve,880.00
Adversary,8,10,1001769
Best,Eve,1090.00
Adversary,9,10,1001770
Best,Eve,1090.00
Execution,99999,100000,99999,99999,1001771,Alice-Encrypt
Thread,13,55,175020.00,5110.00,54,7920.00,172080.00
Thread,4,18,172920.00,7210.00,19,9670.00,170330.00
Thread,3,15,176090.00,3830.00,13,8970.00,171030.00
Thread,1,4,173830.00,6170.00,6,7080.00,172920.00
Thread,2,10,180220.00,-300.00,11,7920.00,172080.00
Thread,0,3,181390.00,-1470.00,2,9600.00,170400.00
Thread,5,21,179480.00,450.00,23,7430.00,120730.00
Thread,7,30,167880.00,12040.00,30,12120.00,167880.00
Thread,9,39,178930.00,1200.00,36,10440.00,46620.00
Thread,14,57,172500.00,7430.00,58,9600.00,40830.00
Thread,21,87,181180.00,-1140.00,85,7290.00,171580.00
Thread,23,94,183000.00,-2870.00,95,8410.00,48130.00
Thread,10,40,174450.00,5550.00,41,10230.00,169770.00
Thread,19,79,180460.00,-540.00,76,9180.00,42210.00
Thread,22,89,176310.00,3820.00,88,9390.00,170610.00
Thread,18,72,183000.00,-3000.00,73,6660.00,56740.00
Thread,16,67,173060.00,6860.00,64,9880.00,170120.00
Thread,17,70,179840.00,290.00,69,9180.00,170820.00
Thread,8,32,172710.00,7290.00,35,8480.00,171520.00
Thread,15,63,174180.00,5750.00,60,7920.00,172080.00
Thread,6,27,177270.00,2650.00,26,9810.00,170190.00
Thread,12,51,173550.00,6370.00,48,11910.00,168090.00
Thread,11,46,177730.00,2190.00,45,7710.00,171900.00
Thread,20,83,174600.00,5530.00,81,10230.00,169770.00
Best,A&B,183000.00,-3000.00
Execution,99999,100000,100000,99999,1001771,Bob-Decrypt
Thread,2,10,178860.00,1060.00,11,6870.00,173130.00
Thread,1,5,180870.00,-740.00,6,8550.00,171450.00
Thread,0,3,181050.00,-1130.00,1,11910.00,168090.00
Thread,3,15,175000.00,4550.00,14,8760.00,171240.00
Thread,6,27,178970.00,950.00,25,9180.00,170820.00
Thread,9,38,173340.00,6790.00,37,10650.00,80520.00
Thread,8,32,173550.00,6450.00,35,8200.00,72710.00
Thread,15,62,178120.00,2010.00,63,7710.00,172290.00
Thread,19,79,180820.00,-690.00,76,9600.00,41120.00
Thread,11,47,178820.00,1180.00,45,9810.00,19260.00
Thread,16,64,173620.00,6380.00,67,8970.00,171030.00
Thread,23,94,183000.00,-3080.00,95,9040.00,170960.00
Thread,14,57,174450.00,5620.00,58,6940.00,44440.00
Thread,4,19,174460.00,5460.00,17,10020.00,169980.00
Thread,10,40,173660.00,6340.00,43,10510.00,169490.00
Thread,20,80,178380.00,1620.00,81,7500.00,172500.00
Thread,22,89,178320.00,1810.00,90,4840.00,175160.00
Thread,7,28,174180.00,5820.00,29,9600.00,41170.00
Thread,21,87,179560.00,390.00,85,6450.00,172800.00
Thread,13,55,174390.00,5530.00,52,8760.00,171240.00
Thread,17,70,181900.00,-1770.00,71,12960.00,167040.00
Thread,12,51,175020.00,4900.00,48,8480.00,171520.00
Thread,18,74,183000.00,-3080.00,73,6660.00,57290.00
Thread,5,21,179990.00,-70.00,23,7080.00,114600.00
Best,A&B,183000.00,-3080.00
----------------------------------------
TimeDiff: 40449 secs
Last best score: 183000.000000
