Thread,6,25,171690.00,7630.00,26,7990.00,42770.00
Thread,7,29,101550.00,7160.00,30,8200.00,43080.00
Thread,3,15,170060.00,8050.00,12,9180.00,51950.00
Thread,0,1,179550.00,370.00,3,10440.00,155160.00
Thread,10,42,173830.00,6090.00,43,10020.00,31280.00
Thread,20,80,110050.00,8830.00,83,8900.00,13060.00
Thread,11,45,180660.00,-530.00,44,9530.00,12300.00
Thread,9,36,57020.00,6870.00,37,9810.00,51690.00
Thread,4,17,171800.00,8120.00,19,9390.00,170610.00
Thread,21,85,159810.00,4270.00,86,8560.00,70300.00
Thread,8,35,180090.00,-170.00,34,5960.00,7820.00
Thread,17,70,176000.00,3990.00,71,10020.00,169980.00
Thread,22,89,141090.00,6790.00,88,10370.00,2190.00
Thread,16,66,58740.00,5880.00,65,8970.00,41910.00
Thread,5,23,175650.00,4480.00,21,8340.00,43060.00
Thread,19,76,168600.00,-3000.00,78,8130.00,38810.00
Thread,12,50,183000.00,-3080.00,51,8690.00,-13570.00
Thread,15,62,151250.00,300.00,63,9320.00,41540.00
Thread,18,74,171590.00,7280.00,75,9810.00,11380.00
Thread,14,59,179790.00,250.00,57,10230.00,169380.00
Thread,23,94,168930.00,10990.00,94,11070.00,168930.00
Thread,13,53,45620.00,5110.00,54,7920.00,44160.00
Best,A&B,183000.00,-3080.00
----------------------------------------
Execution,99999,100000,99999,99999,999662,Eve-Adversary
Adversary,0,10,999662
Best,Eve,1090.00
Adversary,1,10,999663
Best,Eve,1090.00
Adversary,2,10,999664
Best,Eve,1090.00
Adversary,3,10,999665
Best,Eve,1090.00
Adversary,4,10,999666
Best,Eve,950.00
Adversary,5,10,999667
Best,Eve,880.00
Adversary,6,10,999668
Best,Eve,1090.00
Adversary,7,10,999669
Best,Eve,880.00
Adversary,8,10,999670
Best,Eve,1090.00
Adversary,9,10,999671
Best,Eve,1090.00
Execution,99999,100000,99999,99999,999672,Alice-Encrypt
Thread,1,7,172850.00,5740.00,5,9810.00,40930.00
Thread,2,8,174530.00,5470.00,9,9520.00,51690.00
Thread,3,15,176000.00,3920.00,12,10440.00,40240.00
Thread,0,1,179010.00,170.00,3,4560.00,175440.00
Thread,9,36,183000.00,-3000.00,37,11280.00,49840.00
Thread,18,74,43660.00,9170.00,74,9040.00,43660.00
Thread,10,40,174390.00,5610.00,40,5610.00,174390.00
Thread,22,90,173970.00,6160.00,88,7010.00,44380.00
Thread,14,57,174620.00,4410.00,58,7710.00,18020.00
Thread,21,85,48140.00,90.00,84,7780.00,35650.00
Thread,4,18,171240.00,8680.00,16,9950.00,153490.00
Thread,23,94,183000.00,-3080.00,95,9600.00,42830.00
Thread,6,26,51010.00,-200.00,25,9250.00,41590.00
Thread,5,23,172710.00,7210.00,23,7290.00,172710.00
Thread,7,29,99430.00,7780.00,29,7850.00,99430.00
Thread,16,67,99410.00,-590.00,64,9320.00,41650.00
Thread,12,51,167880.00,12250.00,51,12120.00,167880.00
Thread,17,71,54340.00,-2870.00,68,7990.00,42960.00
Thread,13,53,48140.00,2190.00,52,9330.00,1740.00
Thread,8,35,172360.00,7640.00,33,7850.00,55050.00
Thread,15,63,175500.00,3670.00,61,8480.00,33900.00
Thread,20,80,103360.00,10520.00,80,10520.00,103360.00
Thread,11,46,172320.00,7210.00,47,8970.00,41910.00
Thread,19,76,154560.00,9600.00,79,11490.00,14370.00
Best,A&B,183000.00,-3080.00
Execution,99999,100000,100000,99999,999672,Bob-Decrypt
Thread,1,7,171240.00,8680.00,4,9390.00,170610.00
Thread,0,2,180270.00,-280.00,0,9390.00,170610.00
Thread,2,10,174740.00,5180.00,8,7920.00,144360.00
Thread,6,27,57900.00,4270.00,24,9390.00,26630.00
Thread,3,12,172360.00,7640.00,13,8690.00,171310.00
Thread,20,80,175160.00,4840.00,81,8060.00,32880.00
Thread,21,87,145240.00,8610.00,86,8480.00,1220.00
Thread,8,35,173270.00,6730.00,33,8410.00,52810.00
Thread,22,88,172780.00,7220.00,89,9740.00,142540.00
Thread,19,76,171380.00,8620.00,76,8620.00,171380.00
Thread,17,68,172710.00,7290.00,70,8340.00,171660.00
Thread,4,16,172220.00,7780.00,19,8340.00,171660.00
Thread,23,94,183000.00,-2930.00,95,8340.00,44910.00
Thread,9,36,183000.00,-3000.00,38,7290.00,43880.00
Thread,5,23,171520.00,8610.00,23,8480.00,171520.00
Thread,7,30,179850.00,280.00,29,5680.00,45570.00
Thread,18,75,173550.00,6370.00,73,7290.00,44030.00
Thread,12,49,169560.00,9100.00,48,8970.00,-42030.00
Thread,11,46,121560.00,8680.00,47,9600.00,41590.00
Thread,16,67,180080.00,50.00,64,6800.00,173200.00
Thread,15,60,171800.00,8200.00,60,8200.00,171800.00
Thread,14,56,122100.00,4980.00,57,7710.00,53850.00
Thread,13,53,125830.00,630.00,55,10140.00,37420.00
Thread,10,41,171290.00,7700.00,43,8970.00,171030.00
Best,A&B,183000.00,-2930.00
----------------------------------------
TimeDiff: 43933 secs
Last best score: 183000.000000
