Thread,0,0,43630.00,1370.00,3,2840.00,42160.00
Thread,7,31,40620.00,4300.00,31,4380.00,40620.00
Thread,2,11,42930.00,2200.00,10,4870.00,40130.00
Thread,19,78,43140.00,1780.00,76,3050.00,6330.00
Thread,9,39,46500.00,-1500.00,37,2910.00,42090.00
Thread,14,57,42770.00,2150.00,59,3800.00,41200.00
Thread,6,27,46500.00,-1580.00,26,4690.00,40310.00
Thread,16,64,46500.00,-1500.00,65,3650.00,-19760.00
Thread,11,44,41380.00,3620.00,47,4660.00,-1290.00
Thread,23,95,46500.00,-1580.00,94,3750.00,41250.00
Thread,20,83,41740.00,3180.00,82,4310.00,40690.00
Thread,21,86,43140.00,1990.00,87,3540.00,41460.00
Thread,13,52,41880.00,3120.00,55,5430.00,39570.00
Thread,18,73,41040.00,3880.00,72,5290.00,39710.00
Thread,17,68,40920.00,4080.00,70,6900.00,3710.00
Thread,5,21,46500.00,-1580.00,22,2630.00,42370.00
Thread,10,41,46350.00,-1430.00,43,6130.00,-3250.00
Thread,12,48,46500.00,-1500.00,49,4800.00,40200.00
Thread,8,33,43430.00,1700.00,32,6760.00,38240.00
Thread,15,60,46500.00,-1500.00,62,3500.00,-740.00
Thread,22,90,40970.00,4160.00,88,5430.00,39570.00
Thread,4,17,42140.00,2990.00,16,4800.00,40200.00
Best,A&B,46500.00,-1500.00
----------------------------------------
Execution,99999,100000,99999,99999,1000370,Eve-Adversary
Adversary,0,10,1000370
Best,Eve,880.00
Adversary,1,10,1000371
Best,Eve,1240.00
Adversary,2,10,1000372
Best,Eve,1090.00
Adversary,3,10,1000373
Best,Eve,880.00
Adversary,4,10,1000374
Best,Eve,1090.00
Adversary,5,10,1000375
Best,Eve,880.00
Adversary,6,10,1000376
Best,Eve,1090.00
Adversary,7,10,1000377
Best,Eve,1090.00
Adversary,8,10,1000378
Best,Eve,880.00
Adversary,9,10,1000379
Best,Eve,1090.00
Execution,99999,100000,99999,99999,1000380,Alice-Encrypt
Thread,0,1,42020.00,2900.00,0,6060.00,38940.00
Thread,3,15,43950.00,1180.00,12,5430.00,39570.00
Thread,4,19,46500.00,-1370.00,16,3960.00,41040.00
Thread,23,92,46500.00,-1500.00,94,6060.00,38940.00
Thread,8,33,41600.00,3320.00,32,5220.00,39780.00
Thread,2,11,45050.00,-130.00,9,4660.00,40340.00
Thread,1,5,46500.00,-1580.00,4,3540.00,41460.00
Thread,19,77,41800.00,3120.00,76,5640.00,3910.00
Thread,5,21,46500.00,-1510.00,23,7740.00,-4810.00
Thread,6,24,44940.00,60.00,25,5790.00,39210.00
Thread,21,85,46500.00,-1580.00,84,4800.00,-2020.00
Thread,7,31,42180.00,2740.00,28,4450.00,-1160.00
Thread,22,88,46500.00,-1500.00,89,4590.00,-1750.00
Thread,15,60,46500.00,-1500.00,61,1860.00,8980.00
Thread,11,47,42510.00,2620.00,45,4380.00,40620.00
Thread,17,68,45010.00,-10.00,71,5850.00,39150.00
Thread,12,49,46500.00,-1370.00,48,5640.00,39360.00
Thread,13,52,41250.00,3750.00,53,4590.00,-1670.00
Thread,18,74,46500.00,-1370.00,75,3120.00,-240.00
Thread,16,66,46500.00,-1580.00,67,2980.00,42020.00
Thread,14,59,43140.00,1780.00,58,4350.00,40650.00
Thread,20,82,43380.00,1540.00,81,4870.00,13950.00
Thread,9,38,44950.00,180.00,37,5640.00,39360.00
Thread,10,42,41660.00,3260.00,40,3960.00,41040.00
Best,A&B,46500.00,-1500.00
Execution,99999,100000,100000,99999,1000380,Bob-Decrypt
Thread,0,1,42510.00,2620.00,0,7110.00,37890.00
Thread,1,5,46500.00,-1370.00,6,4400.00,40600.00
Thread,8,34,42300.00,2620.00,35,5220.00,39500.00
Thread,3,15,41460.00,3460.00,12,5010.00,39990.00
Thread,4,19,46500.00,-1370.00,16,4800.00,39990.00
Thread,2,11,44980.00,-60.00,8,4010.00,40990.00
Thread,7,30,39710.00,5210.00,30,5290.00,39710.00
Thread,12,49,46500.00,-1580.00,48,3540.00,-11440.00
Thread,20,81,42230.00,2900.00,83,6480.00,38520.00
Thread,22,88,46500.00,-1500.00,91,4380.00,40620.00
Thread,11,44,42380.00,2620.00,45,4170.00,40830.00
Thread,13,53,41880.00,3250.00,55,5640.00,6540.00
Thread,16,66,46500.00,-1370.00,67,5640.00,39360.00
Thread,19,79,40830.00,4090.00,78,4590.00,40410.00
Thread,6,24,44990.00,10.00,26,6340.00,38660.00
Thread,17,69,44960.00,40.00,71,3750.00,-610.00
Thread,9,38,44900.00,230.00,36,3330.00,-19750.00
Thread,5,20,46500.00,-1500.00,23,4800.00,40200.00
Thread,21,85,46500.00,-1580.00,84,5010.00,-2270.00
Thread,15,60,46500.00,-1500.00,63,6690.00,38310.00
Thread,23,92,46500.00,-1500.00,93,3470.00,41530.00
Thread,18,74,46500.00,-1580.00,75,6060.00,-2660.00
Thread,14,56,42510.00,2490.00,59,3330.00,41670.00
Thread,10,41,40620.00,4300.00,40,5850.00,39150.00
Best,A&B,46500.00,-1500.00
----------------------------------------
TimeDiff: 13579 secs
Last best score: 46500.000000
