Thread,2,10,175650.00,4270.00,8,8760.00,171240.00
Thread,5,20,173200.00,6800.00,21,7430.00,56920.00
Thread,23,93,172500.00,7420.00,92,8760.00,171240.00
Thread,0,3,172010.00,7910.00,3,7990.00,172010.00
Thread,7,31,183000.00,-2870.00,29,9390.00,170610.00
Thread,9,36,174180.00,5820.00,37,7570.00,172430.00
Thread,6,24,114510.00,8550.00,25,10300.00,63100.00
Thread,13,55,172570.00,7350.00,54,10160.00,169840.00
Thread,15,61,171030.00,8890.00,60,10160.00,169840.00
Thread,21,84,172360.00,7640.00,84,7640.00,172360.00
Thread,20,81,175930.00,4200.00,82,10300.00,113810.00
Thread,1,6,173550.00,6580.00,7,7650.00,172350.00
Thread,14,56,59650.00,1240.00,58,9530.00,37310.00
Thread,22,90,172430.00,7490.00,88,12120.00,167880.00
Thread,10,42,65060.00,-2870.00,43,8760.00,42880.00
Thread,12,48,177120.00,2880.00,50,8830.00,-7570.00
Thread,17,68,183000.00,-3000.00,69,9320.00,-12490.00
Thread,16,64,172570.00,7430.00,67,7500.00,172500.00
Thread,18,72,172990.00,7010.00,75,7920.00,172080.00
Thread,11,47,179330.00,660.00,45,9390.00,170610.00
Thread,8,34,181730.00,-1770.00,32,7780.00,172220.00
Thread,19,76,170820.00,9180.00,76,9180.00,170820.00
Best,A&B,183000.00,-2870.00
----------------------------------------
Execution,99999,100000,99999,99999,1002617,Eve-Adversary
Adversary,0,10,1002617
Best,Eve,1090.00
Adversary,1,10,1002618
Best,Eve,1090.00
Adversary,2,10,1002619
Best,Eve,880.00
Adversary,3,10,1002620
Best,Eve,880.00
Adversary,4,10,1002621
Best,Eve,880.00
Adversary,5,10,1002622
Best,Eve,1090.00
Adversary,6,10,1002623
Best,Eve,1090.00
Adversary,7,10,1002624
Best,Eve,1090.00
Adversary,8,10,1002625
Best,Eve,880.00
Adversary,9,10,1002626
Best,Eve,1090.00
Execution,99999,100000,99999,99999,1002627,Alice-Encrypt
Thread,3,14,174180.00,5950.00,15,12120.00,167880.00
Thread,1,4,173760.00,6240.00,5,9250.00,170750.00
Thread,2,11,175230.00,4900.00,10,7850.00,172150.00
Thread,4,19,174320.00,5600.00,18,10650.00,169350.00
Thread,0,1,175230.00,4690.00,0,7710.00,172290.00
Thread,13,54,171450.00,8680.00,54,8550.00,171450.00
Thread,11,46,174530.00,5600.00,44,8970.00,25820.00
Thread,7,30,176700.00,3430.00,28,11070.00,54280.00
Thread,15,60,169980.00,10020.00,61,10370.00,169630.00
Thread,12,51,176700.00,3220.00,48,8900.00,3590.00
Thread,20,80,174600.00,5400.00,81,9180.00,170820.00
Thread,16,67,183000.00,-2870.00,64,11700.00,39610.00
Thread,8,32,173270.00,6730.00,33,10510.00,169490.00
Thread,6,27,180010.00,-90.00,26,7570.00,59250.00
Thread,10,40,173130.00,6870.00,41,8760.00,42500.00
Thread,9,36,174600.00,5400.00,39,8760.00,42050.00
Thread,22,89,183000.00,-3080.00,88,7500.00,172500.00
Thread,23,94,183000.00,-3080.00,95,9600.00,170400.00
Thread,5,23,183000.00,-2870.00,20,9250.00,170750.00
Thread,14,56,172920.00,7080.00,59,8760.00,171240.00
Thread,17,68,172920.00,7080.00,70,8550.00,171450.00
Thread,21,87,173900.00,6230.00,86,7710.00,172290.00
Thread,19,77,174600.00,5530.00,79,7570.00,172430.00
Thread,18,72,183000.00,-3000.00,74,7500.00,172500.00
Best,A&B,183000.00,-3080.00
Execution,99999,100000,100000,99999,1002627,Bob-Decrypt
Thread,0,3,172360.00,7560.00,0,9180.00,170820.00
Thread,3,13,176280.00,3850.00,14,8340.00,171660.00
Thread,1,6,175090.00,4830.00,4,8760.00,171240.00
Thread,2,9,174180.00,5950.00,11,8550.00,56280.00
Thread,8,34,171660.00,8260.00,33,10020.00,169980.00
Thread,15,62,174180.00,5950.00,61,7570.00,172430.00
Thread,20,83,174810.00,5110.00,80,7920.00,172080.00
Thread,19,79,173760.00,6370.00,78,8340.00,171660.00
Thread,7,31,143160.00,6370.00,28,11700.00,45640.00
Thread,10,40,91760.00,8340.00,42,8970.00,42880.00
Thread,9,36,172500.00,7500.00,37,10860.00,169140.00
Thread,16,65,175790.00,4340.00,66,10590.00,59280.00
Thread,17,69,183000.00,-3080.00,68,6450.00,152310.00
Thread,12,51,171450.00,8470.00,50,10650.00,169350.00
Thread,6,27,180010.00,120.00,26,8620.00,15270.00
Thread,21,84,183000.00,-3000.00,87,9110.00,170890.00
Thread,18,72,183000.00,-3000.00,74,7710.00,172290.00
Thread,5,20,174880.00,5120.00,22,7850.00,172150.00
Thread,11,45,175440.00,4690.00,47,8550.00,171450.00
Thread,4,16,175860.00,4140.00,17,6240.00,173760.00
Thread,14,59,173970.00,5950.00,57,10020.00,169980.00
Thread,13,54,147150.00,9940.00,54,9810.00,147150.00
Thread,23,94,183000.00,-3010.00,93,10720.00,40550.00
Thread,22,89,183000.00,-3080.00,88,11700.00,168300.00
Best,A&B,183000.00,-3080.00
----------------------------------------
TimeDiff: 46109 secs
Last best score: 183000.000000
