Thread,0,0,43360.00,1640.00,3,6130.00,38870.00
Thread,4,18,43420.00,1500.00,19,5220.00,-2200.00
Thread,3,12,45160.00,-160.00,13,4170.00,40830.00
Thread,17,68,41180.00,3820.00,71,5220.00,-2480.00
Thread,12,48,41250.00,3750.00,51,5430.00,7090.00
Thread,8,35,45150.00,-20.00,34,5430.00,-2510.00
Thread,21,87,45420.00,-290.00,85,6060.00,38940.00
Thread,22,90,41250.00,3760.00,88,4590.00,-680.00
Thread,7,30,27110.00,1810.00,29,4590.00,-1710.00
Thread,6,27,42720.00,2410.00,24,4590.00,40410.00
Thread,20,80,45030.00,-30.00,82,3750.00,41250.00
Thread,11,47,44840.00,80.00,45,5220.00,39780.00
Thread,19,78,44440.00,480.00,79,5640.00,-22290.00
Thread,16,64,45030.00,-30.00,67,3540.00,41460.00
Thread,13,55,42390.00,2530.00,54,7320.00,37680.00
Thread,15,61,46500.00,-1570.00,63,3960.00,41040.00
Thread,9,37,45230.00,-200.00,38,270.00,44730.00
Thread,18,75,42090.00,3040.00,72,4030.00,-1220.00
Thread,14,58,45380.00,-250.00,56,5220.00,-4290.00
Thread,5,22,42300.00,2620.00,20,5010.00,2490.00
Thread,23,92,41040.00,3960.00,95,5570.00,39430.00
Thread,10,40,44650.00,350.00,41,3820.00,41180.00
Best,A&B,46500.00,-1570.00
----------------------------------------
Execution,99999,100000,99999,99999,1007072,Eve-Adversary
Adversary,0,10,1007072
Best,Eve,880.00
Adversary,1,10,1007073
Best,Eve,1090.00
Adversary,2,10,1007074
Best,Eve,880.00
Adversary,3,10,1007075
Best,Eve,1090.00
Adversary,4,10,1007076
Best,Eve,880.00
Adversary,5,10,1007077
Best,Eve,1090.00
Adversary,6,10,1007078
Best,Eve,1090.00
Adversary,7,10,1007079
Best,Eve,670.00
Adversary,8,10,1007080
Best,Eve,1090.00
Adversary,9,10,1007081
Best,Eve,1090.00
Execution,99999,100000,99999,99999,1007082,Alice-Encrypt
Thread,1,7,40270.00,4710.00,5,7320.00,37680.00
Thread,2,11,45180.00,-120.00,9,5220.00,39780.00
Thread,0,2,42930.00,2200.00,3,3820.00,41180.00
Thread,3,14,41880.00,3040.00,12,4450.00,40550.00
Thread,4,18,43490.00,1640.00,17,6270.00,38730.00
Thread,5,20,42230.00,2770.00,22,3960.00,1850.00
Thread,7,31,40620.00,4510.00,28,5430.00,-1980.00
Thread,6,27,45420.00,-500.00,26,4730.00,40270.00
Thread,9,38,43070.00,2060.00,37,5640.00,39360.00
Thread,23,95,39640.00,5280.00,95,5360.00,39640.00
Thread,22,90,42160.00,2970.00,89,3960.00,41040.00
Thread,14,59,42930.00,1990.00,57,3470.00,41530.00
Thread,10,42,42590.00,2330.00,41,4800.00,40200.00
Thread,20,83,44870.00,100.00,81,3750.00,41250.00
Thread,11,45,46500.00,-1580.00,47,2910.00,42090.00
Thread,21,85,41250.00,3670.00,87,4590.00,40410.00
Thread,18,74,40830.00,4090.00,73,6480.00,-3730.00
Thread,16,64,46500.00,-1500.00,67,5360.00,39640.00
Thread,19,76,45570.00,-570.00,78,4450.00,40550.00
Thread,17,68,41880.00,3120.00,70,5780.00,39220.00
Thread,13,54,44670.00,350.00,52,5430.00,39570.00
Thread,15,60,42510.00,2490.00,63,4800.00,40200.00
Thread,8,35,41670.00,3250.00,32,4800.00,-20940.00
Thread,12,48,41250.00,3750.00,48,3750.00,41250.00
Best,A&B,46500.00,-1500.00
Execution,99999,100000,100000,99999,1007082,Bob-Decrypt
Thread,0,3,44190.00,730.00,0,5430.00,39570.00
Thread,1,6,45240.00,-320.00,4,4030.00,40970.00
Thread,2,11,44620.00,320.00,8,3610.00,41390.00
Thread,3,12,43210.00,1790.00,14,4450.00,40550.00
Thread,8,35,42720.00,2200.00,34,4240.00,13270.00
Thread,15,62,41250.00,3670.00,63,4800.00,40200.00
Thread,9,37,43980.00,1150.00,39,5640.00,39360.00
Thread,6,27,45160.00,-240.00,24,5150.00,39850.00
Thread,18,74,40200.00,4930.00,73,5710.00,39290.00
Thread,10,42,43540.00,1590.00,40,5080.00,39920.00
Thread,7,31,43350.00,1780.00,29,5010.00,-2170.00
Thread,4,17,42090.00,2830.00,18,4100.00,40900.00
Thread,16,64,46500.00,-1500.00,66,3680.00,41320.00
Thread,5,20,40410.00,4590.00,20,4590.00,40410.00
Thread,17,71,45440.00,-520.00,68,3190.00,41810.00
Thread,23,95,40480.00,4650.00,92,5430.00,1810.00
Thread,21,86,46500.00,-1580.00,87,5640.00,39360.00
Thread,11,45,46500.00,-1580.00,47,4170.00,-21000.00
Thread,14,57,43560.00,1570.00,59,3960.00,41040.00
Thread,12,49,42930.00,1990.00,48,5640.00,39360.00
Thread,13,54,43970.00,850.00,52,5150.00,39850.00
Thread,22,89,41110.00,4020.00,90,5080.00,39920.00
Thread,20,82,44810.00,320.00,80,3540.00,41460.00
Thread,19,76,45090.00,-90.00,79,5850.00,6740.00
Best,A&B,46500.00,-1580.00
----------------------------------------
TimeDiff: 14938 secs
Last best score: 46500.000000
