Thread,2,10,173760.00,6160.00,11,9880.00,14480.00
Thread,3,14,173060.00,7070.00,15,10440.00,169560.00
Thread,19,77,183000.00,-3080.00,78,8760.00,171240.00
Thread,20,82,174180.00,5950.00,83,7080.00,43930.00
Thread,8,33,169980.00,9940.00,33,10020.00,169980.00
Thread,7,31,173970.00,6160.00,28,8200.00,55770.00
Thread,17,69,180420.00,-290.00,70,9810.00,115350.00
Thread,23,95,172920.00,7000.00,92,8130.00,171870.00
Thread,10,40,176070.00,3930.00,41,8970.00,30780.00
Thread,9,39,170900.00,7910.00,39,7990.00,170900.00
Thread,15,60,58880.00,10020.00,60,10020.00,58880.00
Thread,6,27,174600.00,5530.00,24,10160.00,52550.00
Thread,16,66,173130.00,6790.00,67,8130.00,43740.00
Thread,11,44,183000.00,-3000.00,47,8900.00,44160.00
Thread,4,18,179200.00,930.00,17,10650.00,169350.00
Thread,18,73,183000.00,-2870.00,75,8130.00,171870.00
Thread,5,20,178570.00,1430.00,21,8760.00,171240.00
Thread,21,84,170400.00,9600.00,87,11280.00,168720.00
Thread,14,58,167890.00,10150.00,58,10230.00,167890.00
Thread,12,49,169940.00,9100.00,49,8970.00,169940.00
Thread,13,53,180010.00,120.00,52,9040.00,42310.00
Thread,22,91,175090.00,4830.00,88,9110.00,41370.00
Best,A&B,183000.00,-3080.00
----------------------------------------
Execution,99999,100000,99999,99999,999673,Eve-Adversary
Adversary,0,10,999673
Best,Eve,1090.00
Adversary,1,10,999674
Best,Eve,880.00
Adversary,2,10,999675
Best,Eve,1300.00
Adversary,3,10,999676
Best,Eve,1090.00
Adversary,4,10,999677
Best,Eve,1090.00
Adversary,5,10,999678
Best,Eve,1300.00
Adversary,6,10,999679
Best,Eve,950.00
Adversary,7,10,999680
Best,Eve,880.00
Adversary,8,10,999681
Best,Eve,1300.00
Adversary,9,10,999682
Best,Eve,880.00
Execution,99999,100000,99999,99999,999683,Alice-Encrypt
Thread,0,1,180910.00,-780.00,0,9880.00,75690.00
Thread,1,6,173970.00,5950.00,4,10300.00,169700.00
Thread,2,10,174810.00,5110.00,8,10230.00,169770.00
Thread,6,27,88250.00,6300.00,25,9040.00,50710.00
Thread,3,13,172920.00,7210.00,12,7710.00,172290.00
Thread,20,81,171170.00,8850.00,81,8830.00,171170.00
Thread,21,87,176310.00,3660.00,84,7360.00,43050.00
Thread,9,39,173970.00,6160.00,38,7570.00,171660.00
Thread,14,56,176180.00,3820.00,57,4840.00,173310.00
Thread,10,40,119380.00,4280.00,43,7710.00,16310.00
Thread,17,69,173410.00,6510.00,71,10020.00,169980.00
Thread,4,19,176190.00,3220.00,16,8270.00,171730.00
Thread,22,90,173900.00,6230.00,88,7080.00,44120.00
Thread,15,63,171660.00,8470.00,60,8970.00,170290.00
Thread,8,32,179430.00,570.00,34,9390.00,-57890.00
Thread,5,21,170820.00,9100.00,22,9250.00,125390.00
Thread,16,66,172710.00,7420.00,67,8760.00,171240.00
Thread,13,52,175020.00,4980.00,53,6660.00,44290.00
Thread,23,92,179760.00,240.00,93,7290.00,43990.00
Thread,7,28,177600.00,2400.00,31,4320.00,149400.00
Thread,12,49,171170.00,8960.00,49,8830.00,171170.00
Thread,19,79,183000.00,-2870.00,78,6310.00,61020.00
Thread,18,74,173970.00,5950.00,73,8200.00,171800.00
Thread,11,45,171870.00,8260.00,44,10020.00,41040.00
Best,A&B,183000.00,-2870.00
Execution,99999,100000,100000,99999,999683,Bob-Decrypt
Thread,1,6,174740.00,5390.00,4,8620.00,171380.00
Thread,0,1,181260.00,-1130.00,2,9390.00,170610.00
Thread,3,15,176070.00,3850.00,13,11140.00,168860.00
Thread,2,8,175230.00,4770.00,11,9180.00,170820.00
Thread,19,79,181900.00,-3080.00,78,7360.00,60740.00
Thread,8,32,55920.00,-240.00,35,9460.00,36750.00
Thread,7,30,175260.00,4730.00,30,4740.00,175260.00
Thread,20,81,174950.00,5100.00,81,5050.00,174950.00
Thread,17,69,172560.00,7570.00,71,8970.00,42580.00
Thread,10,40,120320.00,7220.00,42,7710.00,4070.00
Thread,9,38,169140.00,9520.00,38,9390.00,169140.00
Thread,6,24,175930.00,4070.00,25,9040.00,117400.00
Thread,15,62,178890.00,1030.00,61,10300.00,40860.00
Thread,11,46,174880.00,5040.00,44,9810.00,40620.00
Thread,12,50,174810.00,5320.00,49,9810.00,-7230.00
Thread,21,85,58210.00,660.00,84,7780.00,42830.00
Thread,5,23,183000.00,-2870.00,22,10230.00,169770.00
Thread,4,18,177050.00,2870.00,16,11000.00,169000.00
Thread,22,90,171590.00,8540.00,90,8410.00,171590.00
Thread,18,74,46490.00,4690.00,72,6520.00,44420.00
Thread,16,67,173130.00,7000.00,66,11770.00,168230.00
Thread,14,56,176660.00,3340.00,57,9110.00,169790.00
Thread,13,54,45820.00,5460.00,52,9600.00,40700.00
Thread,23,92,180090.00,-90.00,95,9040.00,-35100.00
Best,A&B,183000.00,-2870.00
----------------------------------------
TimeDiff: 41654 secs
Last best score: 183000.000000
