Thread,3,12,76820.00,3180.00,15,5000.00,75000.00
Thread,2,8,76260.00,3740.00,10,5380.00,74620.00
Thread,4,17,77940.00,1980.00,19,5840.00,74160.00
Thread,9,39,75000.00,5130.00,36,7940.00,15600.00
Thread,14,56,77310.00,2690.00,57,6980.00,-10700.00
Thread,8,35,79890.00,30.00,33,6260.00,73740.00
Thread,19,79,78150.00,1770.00,76,5420.00,74580.00
Thread,20,82,82000.00,-1870.00,83,4370.00,75630.00
Thread,16,64,75210.00,4790.00,65,5420.00,74580.00
Thread,22,89,74790.00,5340.00,88,5840.00,74160.00
Thread,10,43,76660.00,3470.00,41,7450.00,72550.00
Thread,11,45,75070.00,5060.00,44,9410.00,13490.00
Thread,6,24,75630.00,4370.00,25,7730.00,72270.00
Thread,17,70,78150.00,1770.00,71,7730.00,72270.00
Thread,5,22,82000.00,-1870.00,21,6900.00,73100.00
Thread,18,72,74370.00,5630.00,73,6680.00,73320.00
Thread,15,61,77310.00,2820.00,60,5630.00,74370.00
Thread,7,29,76800.00,3330.00,28,6680.00,73320.00
Thread,23,94,74650.00,5270.00,92,7100.00,72900.00
Thread,21,86,77520.00,2400.00,87,5000.00,15390.00
Thread,13,53,74160.00,5830.00,53,5840.00,74160.00
Thread,12,49,75910.00,3660.00,48,5630.00,74370.00
Best,A&B,82000.00,-1870.00
----------------------------------------
Execution,99999,100000,99999,99999,1000316,Eve-Adversary
Adversary,0,10,1000316
Best,Eve,1090.00
Adversary,1,10,1000317
Best,Eve,880.00
Adversary,2,10,1000318
Best,Eve,880.00
Adversary,3,10,1000319
Best,Eve,1090.00
Adversary,4,10,1000320
Best,Eve,880.00
Adversary,5,10,1000321
Best,Eve,1090.00
Adversary,6,10,1000322
Best,Eve,1300.00
Adversary,7,10,1000323
Best,Eve,880.00
Adversary,8,10,1000324
Best,Eve,1090.00
Adversary,9,10,1000325
Best,Eve,880.00
Execution,99999,100000,99999,99999,1000326,Alice-Encrypt
Thread,0,2,75000.00,4920.00,0,7590.00,72410.00
Thread,3,14,76470.00,3660.00,13,6050.00,73950.00
Thread,1,6,79250.00,880.00,4,3950.00,76050.00
Thread,4,19,76890.00,3240.00,18,5490.00,74510.00
Thread,2,8,73530.00,6470.00,9,6890.00,73110.00
Thread,9,39,82000.00,-1870.00,38,7520.00,6990.00
Thread,21,85,75630.00,4290.00,86,5840.00,74160.00
Thread,19,76,77730.00,2270.00,79,7940.00,72060.00
Thread,22,89,77170.00,2750.00,91,6260.00,73740.00
Thread,20,82,74160.00,5760.00,81,6540.00,73460.00
Thread,18,75,82000.00,-2080.00,74,4790.00,9500.00
Thread,14,58,82000.00,-1870.00,57,7520.00,15420.00
Thread,5,21,79020.00,970.00,23,3670.00,76330.00
Thread,13,55,13780.00,4220.00,52,6890.00,-18470.00
Thread,6,24,77730.00,2270.00,27,6190.00,9200.00
Thread,7,28,74790.00,5210.00,31,6260.00,73740.00
Thread,15,61,82000.00,-1870.00,63,6760.00,73240.00
Thread,11,46,82000.00,-2080.00,44,8080.00,14670.00
Thread,12,48,82000.00,-2000.00,49,4370.00,74790.00
Thread,23,95,78820.00,1100.00,93,5420.00,61500.00
Thread,10,41,82000.00,-2010.00,43,5700.00,74300.00
Thread,16,66,75490.00,4640.00,65,9830.00,4870.00
Thread,17,70,77100.00,2820.00,69,5000.00,75000.00
Thread,8,32,80510.00,-510.00,35,5630.00,74370.00
Best,A&B,82000.00,-2080.00
Execution,99999,100000,100000,99999,1000326,Bob-Decrypt
Thread,0,2,75630.00,4290.00,0,7600.00,72400.00
Thread,1,6,80070.00,-150.00,4,6470.00,73530.00
Thread,3,12,75210.00,4790.00,15,7730.00,72270.00
Thread,11,46,82000.00,-1870.00,44,6470.00,73530.00
Thread,2,11,76680.00,3240.00,8,5000.00,75000.00
Thread,14,58,82000.00,-1870.00,59,4650.00,75350.00
Thread,19,77,76890.00,3240.00,79,3740.00,18370.00
Thread,20,81,77030.00,3100.00,80,5000.00,9830.00
Thread,18,73,80230.00,-100.00,72,7520.00,72480.00
Thread,10,41,82000.00,-2010.00,42,5420.00,74580.00
Thread,6,24,74370.00,5630.00,25,6260.00,72960.00
Thread,15,61,82000.00,-1870.00,63,4650.00,9680.00
Thread,17,69,75470.00,3870.00,71,5840.00,8050.00
Thread,21,86,75570.00,4080.00,84,5840.00,17000.00
Thread,5,20,82000.00,-2000.00,23,3810.00,76190.00
Thread,22,91,76260.00,3660.00,89,6330.00,73670.00
Thread,16,67,75630.00,4500.00,66,5280.00,74720.00
Thread,23,95,78690.00,1440.00,92,5490.00,74510.00
Thread,7,28,73530.00,6470.00,30,6680.00,73320.00
Thread,4,17,78150.00,1770.00,19,6750.00,73250.00
Thread,8,32,80260.00,-260.00,35,7730.00,72270.00
Thread,9,39,82000.00,-1870.00,38,6680.00,7680.00
Thread,13,54,76330.00,3800.00,52,5560.00,8870.00
Thread,12,48,82000.00,-2000.00,50,5070.00,74930.00
Best,A&B,82000.00,-2000.00
----------------------------------------
TimeDiff: 24051 secs
Last best score: 82000.000000
