Thread,0,0,75740.00,1490.00,3,10360.00,65720.00
Thread,2,9,70740.00,10560.00,8,12950.00,61840.00
Thread,11,47,50730.00,10560.00,47,10430.00,50730.00
Thread,4,17,74270.00,5100.00,18,10010.00,11790.00
Thread,10,41,70480.00,8180.00,40,10220.00,67670.00
Thread,16,65,67310.00,9510.00,65,9590.00,67310.00
Thread,9,38,79680.00,-410.00,36,10430.00,20420.00
Thread,8,32,71350.00,5810.00,35,10010.00,21600.00
Thread,19,76,59130.00,6650.00,78,11480.00,20330.00
Thread,14,56,72590.00,9310.00,59,9800.00,67260.00
Thread,17,70,77530.00,-210.00,69,11060.00,66200.00
Thread,18,73,71630.00,6640.00,72,8540.00,69080.00
Thread,6,27,83380.00,-3540.00,24,7700.00,69050.00
Thread,20,82,70160.00,9090.00,81,10850.00,21310.00
Thread,23,94,68520.00,-3580.00,92,13160.00,57480.00
Thread,21,84,71240.00,8330.00,85,9800.00,67160.00
Thread,12,50,75580.00,5230.00,49,10010.00,69240.00
Thread,22,88,78510.00,-770.00,90,11270.00,20730.00
Thread,7,29,79960.00,370.00,30,10220.00,46830.00
Thread,15,60,69280.00,11060.00,63,12110.00,8430.00
Thread,5,20,68760.00,9590.00,20,9590.00,68760.00
Thread,13,55,78330.00,-220.00,53,8540.00,70280.00
Best,A&B,83380.00,-3540.00
----------------------------------------
Execution,99999,100000,99999,99999,1000470,Eve-Adversary
Adversary,0,10,1000470
Best,Eve,1090.00
Adversary,1,10,1000471
Best,Eve,950.00
Adversary,2,10,1000472
Best,Eve,1090.00
Adversary,3,10,1000473
Best,Eve,880.00
Adversary,4,10,1000474
Best,Eve,1300.00
Adversary,5,10,1000475
Best,Eve,880.00
Adversary,6,10,1000476
Best,Eve,1300.00
Adversary,7,10,1000477
Best,Eve,880.00
Adversary,8,10,1000478
Best,Eve,880.00
Adversary,9,10,1000479
Best,Eve,1300.00
Execution,99999,100000,99999,99999,1000480,Alice-Encrypt
Thread,1,5,76140.00,3570.00,4,9170.00,70650.00
Thread,0,0,80860.00,-260.00,2,11270.00,69140.00
Thread,22,91,82650.00,-3580.00,90,8750.00,70840.00
Thread,2,10,74210.00,7200.00,11,9800.00,69770.00
Thread,3,12,79470.00,-890.00,14,8400.00,73570.00
Thread,23,93,81230.00,-430.00,92,9590.00,61560.00
Thread,11,45,67800.00,7410.00,45,7280.00,67800.00
Thread,19,77,71530.00,7410.00,79,12950.00,53910.00
Thread,9,38,79090.00,850.00,37,7910.00,55380.00
Thread,7,29,72130.00,4820.00,28,11900.00,66420.00
Thread,8,32,77290.00,2990.00,35,9380.00,21510.00
Thread,10,41,76050.00,5380.00,42,10850.00,20950.00
Thread,14,59,72220.00,6570.00,56,7280.00,71780.00
Thread,6,25,66890.00,12240.00,25,12110.00,66890.00
Thread,15,60,69040.00,9870.00,62,10010.00,56420.00
Thread,5,20,72250.00,7700.00,23,10500.00,20500.00
Thread,20,80,80070.00,1680.00,83,9660.00,67540.00
Thread,12,51,78110.00,4030.00,49,11270.00,65570.00
Thread,18,75,71910.00,5730.00,72,8960.00,71090.00
Thread,4,16,70760.00,9590.00,18,10850.00,67880.00
Thread,17,70,81000.00,-3580.00,68,8330.00,71140.00
Thread,21,87,70770.00,7410.00,84,8750.00,70360.00
Thread,16,64,52550.00,7490.00,65,11550.00,20630.00
Thread,13,54,75290.00,3630.00,55,10850.00,66620.00
Best,A&B,82650.00,-3580.00
Execution,99999,100000,100000,99999,1000480,Bob-Decrypt
Thread,1,5,75450.00,4230.00,4,9170.00,57780.00
Thread,0,2,74230.00,6150.00,3,7700.00,70700.00
Thread,3,12,79370.00,300.00,14,10990.00,62190.00
Thread,2,8,72400.00,4330.00,9,9800.00,70040.00
Thread,8,34,79700.00,-3580.00,33,9800.00,55700.00
Thread,10,42,69510.00,10350.00,42,10430.00,69510.00
Thread,17,70,80420.00,-3580.00,69,10010.00,42110.00
Thread,21,87,73190.00,6360.00,86,8960.00,63300.00
Thread,7,31,60570.00,8040.00,28,12530.00,9360.00
Thread,20,80,75660.00,1020.00,82,9590.00,48040.00
Thread,16,64,72320.00,6650.00,65,9870.00,-2030.00
Thread,18,75,69050.00,8880.00,74,10010.00,66490.00
Thread,15,62,67480.00,8110.00,62,8120.00,67480.00
Thread,9,38,80380.00,-1010.00,37,10010.00,21940.00
Thread,23,93,77120.00,-210.00,92,11060.00,68580.00
Thread,13,54,74680.00,6780.00,55,10850.00,68910.00
Thread,19,77,73450.00,7410.00,78,11900.00,42760.00
Thread,4,18,78350.00,2160.00,16,11690.00,66670.00
Thread,11,44,68650.00,9800.00,45,10780.00,4390.00
Thread,22,91,83620.00,-3580.00,90,10850.00,68660.00
Thread,6,27,73110.00,6780.00,25,10010.00,23150.00
Thread,5,22,77230.00,1110.00,23,9520.00,70460.00
Thread,14,56,76190.00,3500.00,59,9590.00,-32890.00
Thread,12,48,76640.00,2670.00,50,9380.00,67130.00
Best,A&B,83620.00,-3580.00
----------------------------------------
TimeDiff: 63087 secs
Last best score: 83620.000000
