Thread,6,27,127500.00,-2580.00,24,8140.00,81210.00
Thread,2,8,121270.00,3730.00,10,8140.00,116860.00
Thread,3,12,124650.00,350.00,15,6880.00,117790.00
Thread,18,72,125170.00,-170.00,73,7930.00,117070.00
Thread,19,77,127500.00,-2370.00,76,6040.00,118960.00
Thread,21,86,119450.00,5680.00,84,7930.00,22370.00
Thread,22,90,118960.00,5960.00,88,8350.00,12680.00
Thread,9,38,123120.00,2010.00,36,6320.00,5710.00
Thread,23,93,119590.00,5330.00,94,7300.00,76160.00
Thread,5,21,126830.00,-1700.00,20,11150.00,113850.00
Thread,16,67,120010.00,4910.00,66,7720.00,117280.00
Thread,4,19,121970.00,3160.00,16,7930.00,117070.00
Thread,11,45,119100.00,6030.00,44,6880.00,-9120.00
Thread,20,80,120010.00,4990.00,82,6250.00,118750.00
Thread,10,42,120150.00,4770.00,40,8350.00,116650.00
Thread,14,56,119100.00,5900.00,58,9610.00,115390.00
Thread,17,71,118330.00,6590.00,68,7160.00,22410.00
Thread,7,31,118750.00,6380.00,29,8350.00,30920.00
Thread,12,51,119020.00,5900.00,48,6880.00,118120.00
Thread,15,61,127500.00,-2370.00,60,9120.00,115880.00
Thread,13,54,120220.00,4700.00,52,7930.00,117070.00
Thread,8,34,118960.00,5960.00,32,7080.00,-10290.00
Best,A&B,127500.00,-2370.00
----------------------------------------
Execution,99999,100000,99999,99999,1001603,Eve-Adversary
Adversary,0,10,1001603
Best,Eve,1090.00
Adversary,1,10,1001604
Best,Eve,890.00
Adversary,2,10,1001605
Best,Eve,1090.00
Adversary,3,10,1001606
Best,Eve,880.00
Adversary,4,10,1001607
Best,Eve,880.00
Adversary,5,10,1001608
Best,Eve,1090.00
Adversary,6,10,1001609
Best,Eve,880.00
Adversary,7,10,1001610
Best,Eve,880.00
Adversary,8,10,1001611
Best,Eve,1090.00
Adversary,9,10,1001612
Best,Eve,950.00
Execution,99999,100000,99999,99999,1001613,Alice-Encrypt
Thread,0,3,117980.00,6800.00,2,7650.00,117350.00
Thread,2,9,127500.00,-2580.00,8,6950.00,118050.00
Thread,3,12,124570.00,430.00,15,7510.00,117490.00
Thread,1,4,120430.00,4570.00,7,7300.00,117700.00
Thread,13,54,122110.00,3020.00,53,7300.00,117700.00
Thread,12,48,122990.00,2010.00,51,5760.00,24170.00
Thread,20,81,123160.00,1760.00,80,7720.00,117280.00
Thread,18,72,127500.00,-2500.00,75,8280.00,32340.00
Thread,21,86,127500.00,-2370.00,85,6880.00,118120.00
Thread,7,30,125310.00,-380.00,31,7160.00,101100.00
Thread,5,22,125500.00,-580.00,23,8560.00,116440.00
Thread,8,32,120010.00,4990.00,34,7370.00,117630.00
Thread,10,41,118540.00,6590.00,40,8980.00,116020.00
Thread,11,46,127500.00,-2580.00,44,7090.00,22500.00
Thread,15,62,122320.00,2600.00,60,7510.00,117490.00
Thread,14,57,125070.00,60.00,56,7580.00,22360.00
Thread,22,89,118750.00,6380.00,91,7510.00,117490.00
Thread,4,16,124040.00,960.00,19,7790.00,30430.00
Thread,23,94,120570.00,4350.00,93,6670.00,118330.00
Thread,19,77,124590.00,330.00,78,8560.00,116440.00
Thread,17,71,121130.00,3790.00,70,8770.00,116230.00
Thread,6,26,127500.00,-2440.00,24,6740.00,77030.00
Thread,9,36,125320.00,-320.00,38,8140.00,116860.00
Thread,16,64,120430.00,4570.00,66,7510.00,117490.00
Best,A&B,127500.00,-2500.00
Execution,99999,100000,100000,99999,1001613,Bob-Decrypt
Thread,0,0,120640.00,4360.00,2,8770.00,116230.00
Thread,2,9,127500.00,-2580.00,10,8350.00,116650.00
Thread,1,5,119380.00,5750.00,4,9470.00,115530.00
Thread,3,13,119380.00,5620.00,14,9610.00,115390.00
Thread,8,34,119800.00,5330.00,33,6670.00,28710.00
Thread,19,77,125260.00,-340.00,78,6040.00,118960.00
Thread,20,82,120430.00,4490.00,83,8070.00,32270.00
Thread,15,63,118750.00,6380.00,60,7510.00,117490.00
Thread,10,40,117910.00,7090.00,41,8350.00,116650.00
Thread,7,29,125560.00,-570.00,31,4080.00,102010.00
Thread,9,37,126350.00,-1320.00,38,5620.00,119380.00
Thread,17,71,121340.00,3580.00,68,6400.00,118600.00
Thread,16,66,117700.00,7430.00,64,9190.00,115810.00
Thread,6,26,127500.00,-2430.00,24,6460.00,118540.00
Thread,21,86,127500.00,-2580.00,85,6040.00,118960.00
Thread,18,72,127500.00,-2500.00,73,8350.00,-11370.00
Thread,5,21,121150.00,3770.00,20,9190.00,115810.00
Thread,11,46,127500.00,-2580.00,44,10450.00,19550.00
Thread,12,48,123240.00,1760.00,51,8420.00,21470.00
Thread,14,57,125110.00,-190.00,59,6390.00,23440.00
Thread,23,93,119800.00,5120.00,95,6250.00,23510.00
Thread,13,52,121830.00,3170.00,53,8770.00,116230.00
Thread,22,90,119450.00,5470.00,89,7300.00,117700.00
Thread,4,16,123550.00,1450.00,17,8980.00,116020.00
Best,A&B,127500.00,-2580.00
----------------------------------------
TimeDiff: 35193 secs
Last best score: 127500.000000
