Thread,0,2,180190.00,-270.00,0,10020.00,169980.00
Thread,3,13,172500.00,7470.00,15,7990.00,172010.00
Thread,6,27,179440.00,690.00,25,11070.00,5070.00
Thread,21,84,175690.00,4310.00,87,8550.00,9010.00
Thread,19,78,180120.00,10.00,79,8340.00,171660.00
Thread,22,89,178120.00,2010.00,90,6450.00,42450.00
Thread,18,75,172500.00,7530.00,73,8200.00,56130.00
Thread,4,19,171870.00,8260.00,18,8970.00,171030.00
Thread,17,70,92950.00,-90.00,71,7290.00,62380.00
Thread,8,33,173970.00,6160.00,34,8550.00,90070.00
Thread,16,67,175460.00,4670.00,66,11070.00,168930.00
Thread,23,93,175830.00,4300.00,94,10090.00,169910.00
Thread,11,45,175510.00,4620.00,47,10860.00,86080.00
Thread,15,62,172920.00,7090.00,62,7080.00,172920.00
Thread,7,29,180340.00,-210.00,30,8130.00,-6110.00
Thread,20,81,137880.00,10360.00,81,10440.00,137880.00
Thread,13,55,172920.00,7210.00,53,8970.00,144390.00
Thread,5,20,44470.00,7010.00,23,8130.00,43100.00
Thread,14,59,183000.00,-2870.00,58,7500.00,172500.00
Thread,9,36,174810.00,5190.00,37,8200.00,8290.00
Thread,12,50,173550.00,6580.00,51,8340.00,43530.00
Thread,10,41,176890.00,3140.00,43,8130.00,43390.00
Best,A&B,183000.00,-2870.00
----------------------------------------
Execution,99999,100000,99999,99999,999936,Eve-Adversary
Adversary,0,10,999936
Best,Eve,1300.00
Adversary,1,10,999937
Best,Eve,1090.00
Adversary,2,10,999938
Best,Eve,1090.00
Adversary,3,10,999939
Best,Eve,880.00
Adversary,4,10,999940
Best,Eve,880.00
Adversary,5,10,999941
Best,Eve,880.00
Adversary,6,10,999942
Best,Eve,880.00
Adversary,7,10,999943
Best,Eve,880.00
Adversary,8,10,999944
Best,Eve,1090.00
Adversary,9,10,999945
Best,Eve,1090.00
Execution,99999,100000,99999,99999,999946,Alice-Encrypt
Thread,3,12,179540.00,460.00,15,7080.00,172920.00
Thread,0,0,173760.00,6240.00,2,11490.00,168510.00
Thread,12,48,178760.00,1240.00,49,9600.00,35250.00
Thread,8,33,180260.00,-130.00,32,8760.00,42110.00
Thread,13,55,177340.00,2580.00,52,5400.00,58690.00
Thread,5,21,172080.00,8050.00,22,9180.00,170820.00
Thread,2,11,179370.00,550.00,9,9180.00,170820.00
Thread,1,4,172360.00,7640.00,5,8340.00,144660.00
Thread,6,27,179700.00,220.00,24,7850.00,172150.00
Thread,11,46,173760.00,6370.00,47,8130.00,171870.00
Thread,20,80,174580.00,5050.00,81,8130.00,148470.00
Thread,7,29,157370.00,-850.00,28,9180.00,37640.00
Thread,16,66,173480.00,6650.00,64,10230.00,169770.00
Thread,22,88,176020.00,3980.00,89,10230.00,169770.00
Thread,21,85,174180.00,5950.00,87,8970.00,7090.00
Thread,18,75,48100.00,2900.00,73,7710.00,42810.00
Thread,15,60,147390.00,5610.00,61,6870.00,39570.00
Thread,23,92,183000.00,-3000.00,95,7500.00,172500.00
Thread,9,38,175650.00,4340.00,36,8970.00,171030.00
Thread,4,16,183000.00,-3000.00,17,9390.00,170610.00
Thread,14,58,174660.00,5330.00,59,9040.00,79020.00
Thread,17,68,180090.00,-90.00,71,9600.00,156000.00
Thread,10,40,169560.00,10440.00,40,10440.00,169560.00
Thread,19,79,179770.00,150.00,76,7290.00,62350.00
Best,A&B,183000.00,-3000.00
Execution,99999,100000,100000,99999,999946,Bob-Decrypt
Thread,3,14,176070.00,3850.00,13,9180.00,170820.00
Thread,1,4,174810.00,5190.00,5,9600.00,170400.00
Thread,6,27,178100.00,1820.00,24,10790.00,169210.00
Thread,10,42,173130.00,7000.00,41,10860.00,40060.00
Thread,11,44,183000.00,-3000.00,46,6240.00,173760.00
Thread,8,33,179870.00,260.00,35,7080.00,172920.00
Thread,15,60,173760.00,6240.00,60,6240.00,173760.00
Thread,2,8,179520.00,480.00,9,8970.00,171030.00
Thread,22,90,180480.00,-560.00,89,5610.00,174390.00
Thread,14,58,175080.00,4910.00,59,7010.00,81420.00
Thread,0,0,175440.00,4560.00,3,8970.00,171030.00
Thread,4,16,183000.00,-3000.00,17,8760.00,144960.00
Thread,23,92,183000.00,-3000.00,95,10020.00,169980.00
Thread,20,83,172920.00,7050.00,80,8480.00,169280.00
Thread,16,67,181080.00,-950.00,64,9180.00,144540.00
Thread,21,86,180010.00,-90.00,85,7920.00,172080.00
Thread,13,55,178510.00,1410.00,52,9810.00,170190.00
Thread,7,29,156010.00,150.00,28,9250.00,17750.00
Thread,18,74,172290.00,7840.00,73,9180.00,170820.00
Thread,19,77,179860.00,60.00,78,7080.00,4750.00
Thread,12,48,176910.00,3090.00,49,9600.00,41190.00
Thread,17,70,172920.00,7210.00,69,11000.00,169000.00
Thread,5,23,183000.00,-3080.00,20,7780.00,43190.00
Thread,9,39,180880.00,-960.00,36,8340.00,171660.00
Best,A&B,183000.00,-3000.00
----------------------------------------
TimeDiff: 40313 secs
Last best score: 183000.000000
