Thread,0,1,76890.00,3240.00,2,6330.00,73400.00
Thread,2,9,78880.00,1250.00,8,5630.00,74370.00
Thread,19,79,75550.00,4580.00,76,6890.00,7120.00
Thread,8,33,80010.00,120.00,32,5350.00,74390.00
Thread,10,40,82000.00,-2000.00,43,5700.00,8700.00
Thread,15,63,75910.00,4080.00,61,7800.00,72200.00
Thread,7,31,73950.00,6180.00,28,6680.00,73320.00
Thread,20,80,76470.00,3530.00,82,6050.00,8320.00
Thread,9,37,80280.00,-360.00,39,7240.00,6860.00
Thread,17,68,78500.00,1500.00,70,5210.00,74790.00
Thread,23,94,77800.00,2330.00,93,5560.00,74440.00
Thread,14,56,76330.00,3670.00,59,5070.00,74930.00
Thread,16,65,77170.00,2750.00,64,5980.00,74020.00
Thread,5,21,79830.00,170.00,23,5000.00,75000.00
Thread,13,52,77680.00,2060.00,53,4930.00,9270.00
Thread,4,17,79710.00,420.00,19,4930.00,75070.00
Thread,12,48,82000.00,-2000.00,51,7730.00,71990.00
Thread,18,74,80560.00,-560.00,72,5490.00,74510.00
Thread,6,24,75840.00,4160.00,26,4790.00,74910.00
Thread,21,87,74370.00,5760.00,86,7660.00,72080.00
Thread,11,46,79150.00,770.00,44,5630.00,74370.00
Thread,22,88,82000.00,-2000.00,90,6750.00,73250.00
Best,A&B,82000.00,-2000.00
----------------------------------------
Execution,99999,100000,99999,99999,1001874,Eve-Adversary
Adversary,0,10,1001874
Best,Eve,950.00
Adversary,1,10,1001875
Best,Eve,1090.00
Adversary,2,10,1001876
Best,Eve,880.00
Adversary,3,10,1001877
Best,Eve,1090.00
Adversary,4,10,1001878
Best,Eve,1090.00
Adversary,5,10,1001879
Best,Eve,1300.00
Adversary,6,10,1001880
Best,Eve,1090.00
Adversary,7,10,1001881
Best,Eve,880.00
Adversary,8,10,1001882
Best,Eve,880.00
Adversary,9,10,1001883
Best,Eve,1090.00
Execution,99999,100000,99999,99999,1001884,Alice-Encrypt
Thread,0,0,75210.00,4790.00,3,6470.00,73530.00
Thread,2,10,78010.00,2120.00,11,8150.00,71850.00
Thread,1,5,76120.00,4010.00,4,6400.00,73600.00
Thread,14,58,76890.00,3110.00,59,5350.00,74650.00
Thread,3,14,79170.00,960.00,15,7100.00,72900.00
Thread,12,51,81700.00,-2080.00,48,6260.00,73740.00
Thread,7,31,76260.00,3870.00,30,6960.00,73040.00
Thread,20,81,77470.00,2660.00,80,5700.00,8620.00
Thread,21,87,76890.00,3030.00,84,6400.00,7880.00
Thread,13,52,78910.00,810.00,55,7100.00,6640.00
Thread,4,18,78270.00,1730.00,16,7240.00,72760.00
Thread,8,34,82000.00,-1870.00,33,3460.00,76540.00
Thread,6,26,74450.00,5410.00,25,5850.00,73890.00
Thread,9,36,82000.00,-2000.00,38,6050.00,8700.00
Thread,16,64,75700.00,4300.00,66,8010.00,71730.00
Thread,18,73,82000.00,-2010.00,75,4580.00,75420.00
Thread,15,61,72900.00,7100.00,61,7100.00,72900.00
Thread,5,21,80870.00,-1010.00,20,7100.00,1160.00
Thread,17,68,74580.00,5420.00,70,8430.00,71570.00
Thread,19,79,76330.00,3590.00,76,5980.00,8070.00
Thread,10,43,75630.00,4290.00,40,5840.00,73890.00
Thread,11,44,76330.00,3670.00,46,4580.00,75420.00
Thread,22,88,78560.00,1440.00,91,5420.00,74270.00
Thread,23,95,77100.00,3030.00,94,7730.00,6710.00
Best,A&B,82000.00,-1870.00
Execution,99999,100000,100000,99999,1001884,Bob-Decrypt
Thread,1,6,76110.00,3520.00,4,5140.00,74860.00
Thread,3,14,78280.00,1850.00,15,4790.00,75210.00
Thread,0,2,77400.00,2470.00,1,4580.00,75420.00
Thread,2,11,76260.00,3660.00,8,4370.00,75630.00
Thread,19,79,75770.00,4150.00,78,6890.00,72830.00
Thread,15,61,76190.00,3940.00,63,5700.00,29760.00
Thread,10,42,74280.00,5340.00,40,8780.00,71220.00
Thread,20,81,77550.00,2100.00,83,5350.00,74650.00
Thread,23,95,75490.00,4640.00,94,6260.00,-18170.00
Thread,8,34,82000.00,-2080.00,33,3040.00,76960.00
Thread,7,30,77100.00,3030.00,28,8570.00,71430.00
Thread,16,64,78390.00,1610.00,67,5840.00,8170.00
Thread,22,88,77940.00,2060.00,89,4370.00,-16960.00
Thread,14,58,78360.00,1590.00,59,6750.00,73250.00
Thread,4,18,79120.00,740.00,16,7030.00,72970.00
Thread,9,36,82000.00,-2000.00,37,6260.00,72930.00
Thread,18,73,81720.00,-2080.00,75,3320.00,76680.00
Thread,17,68,72690.00,7310.00,68,7310.00,72690.00
Thread,12,51,82000.00,-1870.00,48,6470.00,73240.00
Thread,11,46,75840.00,4080.00,44,7380.00,72620.00
Thread,5,21,80040.00,-170.00,20,7100.00,72900.00
Thread,6,25,73950.00,5970.00,24,6750.00,7340.00
Thread,13,52,77740.00,2260.00,55,8220.00,71780.00
Thread,21,86,76610.00,3310.00,85,8010.00,6300.00
Best,A&B,82000.00,-2080.00
----------------------------------------
TimeDiff: 21768 secs
Last best score: 82000.000000
