Thread,0,0,240870.00,4130.00,3,5180.00,239820.00
Thread,3,15,236810.00,8320.00,13,10080.00,234920.00
Thread,19,79,248500.00,-3370.00,77,10850.00,234150.00
Thread,15,60,237930.00,7070.00,61,9800.00,235200.00
Thread,8,32,241660.00,3340.00,35,8960.00,236040.00
Thread,20,82,242490.00,2440.00,80,11970.00,65210.00
Thread,10,43,243130.00,1790.00,40,10010.00,67620.00
Thread,7,30,236880.00,8040.00,31,10430.00,234570.00
Thread,16,65,235270.00,9650.00,67,12320.00,230970.00
Thread,17,69,242290.00,1770.00,71,7490.00,237510.00
Thread,18,75,236040.00,9090.00,74,9450.00,22150.00
Thread,14,58,198150.00,7410.00,59,10290.00,66390.00
Thread,9,38,238730.00,5100.00,39,12740.00,6200.00
Thread,5,23,240280.00,4850.00,21,12740.00,232260.00
Thread,23,95,180730.00,2300.00,93,9170.00,67440.00
Thread,21,85,236320.00,8600.00,87,13370.00,231630.00
Thread,11,44,238280.00,6720.00,46,8820.00,236180.00
Thread,6,26,244260.00,870.00,24,11900.00,233100.00
Thread,4,16,239400.00,5600.00,18,8820.00,88490.00
Thread,12,48,237300.00,7700.00,49,12320.00,64670.00
Thread,13,53,237370.00,7550.00,53,7630.00,237370.00
Thread,22,91,243790.00,1340.00,88,8050.00,236950.00
Best,A&B,248500.00,-3370.00
----------------------------------------
Execution,99999,100000,99999,99999,999412,Eve-Adversary
Adversary,0,10,999412
Best,Eve,1090.00
Adversary,1,10,999413
Best,Eve,880.00
Adversary,2,10,999414
Best,Eve,1090.00
Adversary,3,10,999415
Best,Eve,880.00
Adversary,4,10,999416
Best,Eve,1090.00
Adversary,5,10,999417
Best,Eve,880.00
Adversary,6,10,999418
Best,Eve,880.00
Adversary,7,10,999419
Best,Eve,950.00
Adversary,8,10,999420
Best,Eve,880.00
Adversary,9,10,999421
Best,Eve,1090.00
Execution,99999,100000,99999,99999,999422,Alice-Encrypt
Thread,2,8,237300.00,7700.00,9,9170.00,235830.00
Thread,0,2,238420.00,6710.00,1,9380.00,235620.00
Thread,3,13,244490.00,640.00,15,12460.00,232540.00
Thread,1,5,244220.00,850.00,6,8540.00,236460.00
Thread,8,32,238910.00,6090.00,33,9800.00,76420.00
Thread,16,64,244680.00,320.00,66,3990.00,72810.00
Thread,10,43,248500.00,-3370.00,41,11690.00,233310.00
Thread,14,58,245900.00,-770.00,56,10150.00,66430.00
Thread,13,53,237440.00,7480.00,55,8190.00,68590.00
Thread,9,37,232400.00,12730.00,37,12600.00,232400.00
Thread,17,70,242050.00,2870.00,69,9380.00,233570.00
Thread,15,60,240840.00,4160.00,61,8120.00,236880.00
Thread,4,16,237930.00,7070.00,17,10640.00,234360.00
Thread,5,23,246110.00,-1190.00,21,8470.00,236530.00
Thread,6,24,246320.00,-1320.00,26,11270.00,66030.00
Thread,12,50,236950.00,7970.00,49,10220.00,234780.00
Thread,7,30,237860.00,7270.00,29,7700.00,50190.00
Thread,18,75,237650.00,7270.00,72,12110.00,232890.00
Thread,21,85,244730.00,400.00,84,10710.00,234290.00
Thread,20,83,237090.00,8040.00,81,11690.00,233310.00
Thread,19,78,245680.00,-750.00,79,6650.00,238350.00
Thread,11,46,236670.00,8460.00,45,11270.00,233730.00
Thread,22,91,236460.00,8460.00,88,9590.00,235410.00
Thread,23,94,234570.00,10560.00,95,11480.00,198670.00
Best,A&B,248500.00,-3370.00
Execution,99999,100000,100000,99999,999422,Bob-Decrypt
Thread,1,5,243110.00,1960.00,7,9590.00,235410.00
Thread,2,9,236670.00,8460.00,8,9590.00,235410.00
Thread,0,0,239610.00,5390.00,2,10990.00,234010.00
Thread,3,13,243130.00,2000.00,15,10990.00,234010.00
Thread,6,25,242690.00,2370.00,27,7700.00,70260.00
Thread,4,17,239400.00,5730.00,19,11060.00,233940.00
Thread,9,37,233940.00,10980.00,37,11060.00,233940.00
Thread,15,61,237090.00,7830.00,61,7910.00,237090.00
Thread,18,75,240030.00,4890.00,73,8750.00,68650.00
Thread,21,87,237090.00,7830.00,86,10570.00,110570.00
Thread,14,59,243630.00,1330.00,57,7910.00,203470.00
Thread,10,43,248500.00,-3580.00,40,8750.00,68190.00
Thread,11,46,239610.00,5520.00,45,12320.00,232680.00
Thread,23,93,237720.00,7410.00,92,10010.00,66910.00
Thread,22,91,238560.00,6360.00,88,8190.00,236810.00
Thread,16,64,243920.00,1080.00,66,8610.00,198670.00
Thread,20,81,71240.00,5730.00,82,9800.00,67570.00
Thread,8,32,235760.00,9240.00,34,10010.00,234990.00
Thread,13,55,239120.00,5800.00,54,10850.00,34720.00
Thread,7,28,244700.00,300.00,29,7910.00,58690.00
Thread,19,78,245960.00,-1020.00,79,7980.00,206270.00
Thread,5,23,209910.00,160.00,21,9880.00,67320.00
Thread,17,70,192000.00,2490.00,71,12110.00,65370.00
Thread,12,50,174940.00,6290.00,48,11900.00,64380.00
Best,A&B,248500.00,-3580.00
----------------------------------------
TimeDiff: 55166 secs
Last best score: 248500.000000
