Thread,3,14,41810.00,3110.00,13,3820.00,41180.00
Thread,2,10,43560.00,1360.00,8,5430.00,39570.00
Thread,22,91,46500.00,-1580.00,88,5220.00,39780.00
Thread,10,43,42580.00,2340.00,42,4240.00,40760.00
Thread,9,37,41810.00,3110.00,36,4800.00,40200.00
Thread,18,74,43930.00,1200.00,75,4170.00,40830.00
Thread,8,35,43140.00,1780.00,34,6270.00,-3170.00
Thread,23,95,41880.00,3150.00,92,3750.00,41250.00
Thread,15,61,44110.00,320.00,62,5640.00,3710.00
Thread,11,44,41460.00,3540.00,46,4170.00,40830.00
Thread,12,48,46500.00,-1500.00,49,5010.00,-2580.00
Thread,17,71,43140.00,1780.00,70,5290.00,39710.00
Thread,4,16,42720.00,2280.00,19,3960.00,41040.00
Thread,6,24,46500.00,-1500.00,25,3960.00,41040.00
Thread,21,87,41600.00,3530.00,84,6060.00,38940.00
Thread,5,22,42630.00,2500.00,23,4380.00,-15070.00
Thread,7,29,46500.00,-1370.00,31,4380.00,40620.00
Thread,16,66,42510.00,2620.00,65,6690.00,38310.00
Thread,14,59,46500.00,-1370.00,58,5990.00,39010.00
Thread,19,77,42090.00,2830.00,76,5010.00,39990.00
Thread,13,55,42930.00,2200.00,52,5010.00,39990.00
Thread,20,80,44690.00,310.00,82,5220.00,-4280.00
Best,A&B,46500.00,-1580.00
----------------------------------------
Execution,99999,100000,99999,99999,1001453,Eve-Adversary
Adversary,0,10,1001453
Best,Eve,1090.00
Adversary,1,10,1001454
Best,Eve,880.00
Adversary,2,10,1001455
Best,Eve,1300.00
Adversary,3,10,1001456
Best,Eve,1090.00
Adversary,4,10,1001457
Best,Eve,880.00
Adversary,5,10,1001458
Best,Eve,1090.00
Adversary,6,10,1001459
Best,Eve,1090.00
Adversary,7,10,1001460
Best,Eve,880.00
Adversary,8,10,1001461
Best,Eve,950.00
Adversary,9,10,1001462
Best,Eve,1090.00
Execution,99999,100000,99999,99999,1001463,Alice-Encrypt
Thread,0,0,43020.00,1980.00,1,4380.00,40620.00
Thread,14,57,40810.00,4110.00,56,6480.00,-3650.00
Thread,3,15,42650.00,2480.00,14,4240.00,40760.00
Thread,12,51,41460.00,3670.00,49,4170.00,-1220.00
Thread,1,6,42090.00,2830.00,7,4800.00,40200.00
Thread,2,11,42510.00,2620.00,8,4380.00,40620.00
Thread,21,85,41090.00,3830.00,84,6900.00,38100.00
Thread,6,25,43980.00,940.00,24,3540.00,41460.00
Thread,20,83,40830.00,4300.00,81,4590.00,13860.00
Thread,7,29,46500.00,-1370.00,31,5360.00,39640.00
Thread,13,54,46500.00,-1370.00,53,5430.00,39570.00
Thread,8,34,46500.00,-1370.00,33,6060.00,38940.00
Thread,5,20,43700.00,1300.00,23,5500.00,-2780.00
Thread,9,36,45470.00,-470.00,39,3820.00,41180.00
Thread,4,17,43770.00,1150.00,16,4450.00,40550.00
Thread,11,46,41880.00,3060.00,44,3540.00,-7490.00
Thread,10,40,43700.00,1300.00,43,2910.00,42090.00
Thread,18,75,42090.00,3040.00,74,4800.00,40200.00
Thread,19,76,44320.00,680.00,77,5220.00,39780.00
Thread,22,88,45520.00,-520.00,89,6690.00,38310.00
Thread,17,70,41880.00,3250.00,71,6070.00,38930.00
Thread,16,66,44920.00,0.00,65,4170.00,40830.00
Thread,23,92,41740.00,3260.00,95,5360.00,39640.00
Thread,15,63,44140.00,850.00,60,3960.00,41040.00
Best,A&B,46500.00,-1370.00
Execution,99999,100000,100000,99999,1001463,Bob-Decrypt
Thread,0,0,42790.00,2210.00,2,2980.00,42020.00
Thread,3,12,43560.00,1440.00,14,4870.00,40130.00
Thread,2,9,43560.00,1360.00,11,6900.00,37660.00
Thread,1,4,41380.00,3620.00,5,4590.00,40410.00
Thread,17,69,41390.00,3740.00,71,4100.00,40220.00
Thread,6,27,41460.00,3670.00,25,4380.00,40620.00
Thread,10,43,43140.00,1990.00,41,5010.00,39990.00
Thread,15,63,45350.00,-360.00,61,4280.00,40720.00
Thread,7,29,46500.00,-1370.00,28,4380.00,40620.00
Thread,8,34,46500.00,-1370.00,35,4590.00,13520.00
Thread,9,39,40970.00,4160.00,37,5220.00,27450.00
Thread,13,54,46500.00,-1370.00,53,4870.00,40130.00
Thread,19,76,45040.00,-40.00,77,3750.00,41250.00
Thread,16,64,45360.00,-360.00,65,4380.00,40620.00
Thread,4,19,42930.00,1990.00,16,6270.00,38730.00
Thread,5,21,42090.00,3040.00,23,6340.00,38660.00
Thread,22,88,44010.00,990.00,90,3470.00,41530.00
Thread,20,83,42160.00,2760.00,81,5220.00,39780.00
Thread,18,72,42720.00,2280.00,73,4450.00,40550.00
Thread,14,57,41460.00,3670.00,56,5220.00,-2480.00
Thread,21,85,42980.00,2150.00,86,4450.00,40550.00
Thread,11,45,44810.00,110.00,46,3750.00,41250.00
Thread,23,94,40900.00,4100.00,92,6060.00,38940.00
Thread,12,48,43350.00,1650.00,49,2910.00,170.00
Best,A&B,46500.00,-1370.00
----------------------------------------
TimeDiff: 15497 secs
Last best score: 46500.000000
