Thread,3,14,245710.00,-790.00,13,10220.00,234780.00
Thread,6,24,248500.00,-3500.00,27,12110.00,232890.00
Thread,2,11,237720.00,7200.00,9,12600.00,65230.00
Thread,10,43,237300.00,7830.00,42,9730.00,88660.00
Thread,21,84,128390.00,9940.00,84,9940.00,128390.00
Thread,20,80,237090.00,7910.00,81,14490.00,62660.00
Thread,12,49,240450.00,4680.00,50,11270.00,233730.00
Thread,7,31,245190.00,-270.00,30,11760.00,233240.00
Thread,16,66,240340.00,4790.00,64,10430.00,66270.00
Thread,15,63,248500.00,-3580.00,60,10010.00,81690.00
Thread,23,94,236460.00,8670.00,93,9170.00,67990.00
Thread,5,21,236460.00,8470.00,21,8540.00,236460.00
Thread,8,35,238840.00,6080.00,32,7420.00,237580.00
Thread,9,38,235620.00,9510.00,39,11760.00,62120.00
Thread,22,89,240450.00,4470.00,88,9240.00,235760.00
Thread,19,78,246630.00,-1640.00,79,10640.00,168210.00
Thread,4,18,241910.00,3220.00,19,13020.00,231980.00
Thread,13,53,242360.00,2560.00,54,7000.00,238000.00
Thread,14,57,248500.00,-3370.00,58,9450.00,67490.00
Thread,11,45,237090.00,8040.00,44,10430.00,234570.00
Thread,17,71,244970.00,30.00,69,10640.00,-9660.00
Thread,18,72,236970.00,8030.00,73,8330.00,12790.00
Best,A&B,248500.00,-3580.00
----------------------------------------
Execution,99999,100000,99999,99999,999976,Eve-Adversary
Adversary,0,10,999976
Best,Eve,1300.00
Adversary,1,10,999977
Best,Eve,880.00
Adversary,2,10,999978
Best,Eve,880.00
Adversary,3,10,999979
Best,Eve,1090.00
Adversary,4,10,999980
Best,Eve,880.00
Adversary,5,10,999981
Best,Eve,1300.00
Adversary,6,10,999982
Best,Eve,880.00
Adversary,7,10,999983
Best,Eve,1090.00
Adversary,8,10,999984
Best,Eve,880.00
Adversary,9,10,999985
Best,Eve,880.00
Execution,99999,100000,99999,99999,999986,Alice-Encrypt
Thread,0,3,240890.00,4030.00,1,9380.00,235620.00
Thread,7,28,243690.00,1310.00,30,10500.00,228120.00
Thread,15,61,248500.00,-3370.00,63,9100.00,235900.00
Thread,4,16,242920.00,2080.00,17,5880.00,239120.00
Thread,1,5,244750.00,170.00,6,11480.00,233520.00
Thread,3,12,240070.00,4930.00,13,10080.00,234920.00
Thread,14,58,242200.00,2720.00,57,9170.00,82660.00
Thread,22,91,246840.00,-1710.00,88,8330.00,133700.00
Thread,21,87,74330.00,3450.00,84,10850.00,66250.00
Thread,20,80,239190.00,5810.00,83,9310.00,67060.00
Thread,23,94,243370.00,1550.00,92,7430.00,237570.00
Thread,2,10,238700.00,6220.00,8,8960.00,236040.00
Thread,10,42,243140.00,1780.00,41,9590.00,88970.00
Thread,12,50,237090.00,7830.00,49,12110.00,64270.00
Thread,16,66,240030.00,5100.00,67,10850.00,83340.00
Thread,17,71,205740.00,3100.00,69,9590.00,1140.00
Thread,11,45,237650.00,7480.00,44,10500.00,234500.00
Thread,13,54,237300.00,7720.00,55,10220.00,234780.00
Thread,6,25,239050.00,6020.00,27,11130.00,233870.00
Thread,18,75,245690.00,-560.00,72,10080.00,234920.00
Thread,19,79,240380.00,4540.00,76,9240.00,235760.00
Thread,5,23,235970.00,9160.00,22,11760.00,65590.00
Thread,9,37,242810.00,2110.00,38,13230.00,231770.00
Thread,8,33,241610.00,3310.00,32,11970.00,233030.00
Best,A&B,248500.00,-3370.00
Execution,99999,100000,100000,99999,999986,Bob-Decrypt
Thread,3,15,242640.00,2350.00,13,6720.00,238280.00
Thread,1,5,242690.00,2230.00,4,11060.00,233940.00
Thread,0,3,240400.00,4730.00,1,9240.00,235760.00
Thread,8,34,241880.00,3040.00,32,10570.00,234430.00
Thread,2,11,237440.00,7690.00,10,8400.00,68240.00
Thread,7,28,244260.00,740.00,29,11410.00,233590.00
Thread,15,61,248500.00,-3540.00,62,8890.00,236110.00
Thread,10,41,88610.00,9600.00,41,9660.00,88610.00
Thread,17,71,211820.00,300.00,70,13440.00,17250.00
Thread,4,16,246020.00,-1020.00,18,7840.00,237160.00
Thread,23,94,238690.00,6440.00,95,9030.00,225710.00
Thread,16,66,236740.00,8180.00,65,9940.00,235060.00
Thread,22,91,246920.00,-1790.00,90,9730.00,67640.00
Thread,21,87,76880.00,260.00,84,9870.00,67300.00
Thread,19,77,245670.00,-540.00,76,10640.00,234360.00
Thread,12,48,235480.00,9520.00,49,10570.00,66040.00
Thread,5,22,235130.00,10000.00,21,10430.00,79080.00
Thread,14,58,239960.00,4960.00,56,8190.00,236810.00
Thread,9,36,235340.00,9660.00,38,12320.00,232680.00
Thread,18,74,238350.00,6780.00,72,10570.00,234430.00
Thread,20,80,233730.00,11270.00,80,11270.00,233730.00
Thread,6,27,238280.00,6640.00,25,11270.00,233730.00
Thread,11,44,239190.00,5810.00,46,11550.00,65400.00
Thread,13,55,158660.00,7340.00,54,10430.00,66830.00
Best,A&B,248500.00,-3540.00
----------------------------------------
TimeDiff: 67907 secs
Last best score: 248500.000000
