Thread,0,3,120430.00,4700.00,0,8980.00,116020.00
Thread,3,15,122110.00,2810.00,12,5410.00,119590.00
Thread,6,24,118540.00,6460.00,26,8350.00,116650.00
Thread,22,90,118960.00,6170.00,89,8350.00,116650.00
Thread,18,72,121550.00,3450.00,74,5830.00,24200.00
Thread,11,44,120010.00,4990.00,45,6250.00,118750.00
Thread,21,86,121620.00,3510.00,84,7720.00,117280.00
Thread,8,34,127500.00,-2370.00,32,6670.00,118330.00
Thread,4,17,122390.00,2740.00,16,6600.00,118400.00
Thread,17,69,119870.00,5050.00,70,8770.00,116230.00
Thread,23,95,118750.00,6380.00,93,8350.00,21230.00
Thread,19,77,118330.00,6800.00,76,9610.00,115390.00
Thread,10,43,121060.00,4070.00,41,7090.00,117910.00
Thread,15,61,120010.00,5120.00,60,8000.00,22440.00
Thread,16,67,122530.00,2600.00,65,6880.00,118120.00
Thread,7,28,121480.00,3520.00,31,7510.00,117490.00
Thread,20,83,116370.00,8620.00,83,8630.00,116370.00
Thread,9,37,120080.00,5050.00,36,7720.00,26350.00
Thread,13,53,127500.00,-2370.00,54,4990.00,120010.00
Thread,12,51,120850.00,4280.00,48,8770.00,116230.00
Thread,5,23,119100.00,6030.00,20,7440.00,117560.00
Thread,14,59,120220.00,4910.00,58,6460.00,118540.00
Best,A&B,127500.00,-2370.00
----------------------------------------
Execution,99999,100000,99999,99999,1001040,Eve-Adversary
Adversary,0,10,1001040
Best,Eve,1090.00
Adversary,1,10,1001041
Best,Eve,880.00
Adversary,2,10,1001042
Best,Eve,1090.00
Adversary,3,10,1001043
Best,Eve,880.00
Adversary,4,10,1001044
Best,Eve,880.00
Adversary,5,10,1001045
Best,Eve,880.00
Adversary,6,10,1001046
Best,Eve,1090.00
Adversary,7,10,1001047
Best,Eve,1090.00
Adversary,8,10,1001048
Best,Eve,1090.00
Adversary,9,10,1001049
Best,Eve,1090.00
Execution,99999,100000,99999,99999,1001050,Alice-Encrypt
Thread,2,9,120430.00,4490.00,11,6880.00,118120.00
Thread,8,33,120430.00,4490.00,35,6390.00,45270.00
Thread,0,1,120850.00,4280.00,2,6040.00,118960.00
Thread,3,14,121060.00,3860.00,13,6460.00,118540.00
Thread,1,5,125420.00,-290.00,7,7930.00,117070.00
Thread,19,76,118120.00,6880.00,79,8140.00,97640.00
Thread,17,71,124630.00,500.00,70,6740.00,118260.00
Thread,13,52,122110.00,2890.00,53,6670.00,118330.00
Thread,16,65,124660.00,470.00,67,6040.00,118960.00
Thread,9,38,125700.00,-570.00,39,10030.00,114970.00
Thread,15,63,125150.00,-230.00,60,7510.00,22640.00
Thread,11,45,119590.00,5330.00,47,8490.00,21560.00
Thread,5,20,118750.00,6250.00,20,6250.00,118750.00
Thread,14,59,118460.00,6460.00,56,9190.00,115810.00
Thread,10,43,120640.00,4490.00,42,7510.00,30990.00
Thread,21,86,121480.00,3650.00,84,8560.00,33670.00
Thread,12,49,127500.00,-2510.00,51,6750.00,118250.00
Thread,7,31,118540.00,6380.00,30,9680.00,20200.00
Thread,6,25,125660.00,-530.00,24,8350.00,116650.00
Thread,4,16,122110.00,2890.00,19,6670.00,118330.00
Thread,22,91,115600.00,9530.00,89,10730.00,114270.00
Thread,20,83,127500.00,-2580.00,82,3940.00,121060.00
Thread,18,72,119590.00,5410.00,73,6880.00,118120.00
Thread,23,95,120010.00,4910.00,94,6390.00,61250.00
Best,A&B,127500.00,-2580.00
Execution,99999,100000,100000,99999,1001050,Bob-Decrypt
Thread,12,50,82960.00,6810.00,50,6820.00,82960.00
Thread,2,10,120850.00,4070.00,8,8220.00,116780.00
Thread,1,5,125420.00,-290.00,6,6250.00,118750.00
Thread,3,13,120430.00,4700.00,12,6670.00,118330.00
Thread,0,2,120220.00,4910.00,1,8350.00,116650.00
Thread,5,20,34550.00,9190.00,20,9190.00,34550.00
Thread,16,65,125460.00,-330.00,66,8420.00,21360.00
Thread,9,38,125430.00,-510.00,39,7720.00,117280.00
Thread,15,63,125510.00,-380.00,60,8770.00,116230.00
Thread,7,28,120850.00,4150.00,29,7300.00,22930.00
Thread,17,68,121970.00,3030.00,69,6880.00,118120.00
Thread,19,77,118960.00,6170.00,76,10030.00,114970.00
Thread,4,19,120570.00,4350.00,17,5900.00,119100.00
Thread,18,75,121210.00,3920.00,74,8000.00,21960.00
Thread,21,85,117560.00,7570.00,87,9470.00,10630.00
Thread,20,81,127500.00,-2370.00,82,6460.00,118540.00
Thread,13,54,120430.00,4700.00,53,7930.00,117070.00
Thread,10,41,119970.00,5160.00,40,8560.00,116440.00
Thread,6,27,120010.00,4910.00,26,8010.00,116990.00
Thread,8,33,119380.00,5750.00,32,7090.00,117910.00
Thread,11,46,127500.00,-2580.00,45,7720.00,117280.00
Thread,23,95,117910.00,7220.00,94,8350.00,116650.00
Thread,14,57,119800.00,5330.00,56,7090.00,117910.00
Thread,22,89,120290.00,4630.00,91,8420.00,116580.00
Best,A&B,127500.00,-2370.00
----------------------------------------
TimeDiff: 37074 secs
Last best score: 127500.000000
