Thread,3,14,75140.00,4780.00,13,6190.00,73810.00
Thread,1,7,76260.00,3870.00,6,6120.00,73880.00
Thread,5,22,73460.00,6530.00,23,6890.00,73110.00
Thread,8,33,76610.00,3380.00,34,5840.00,74160.00
Thread,9,39,76050.00,4080.00,38,6260.00,73740.00
Thread,13,53,75770.00,4150.00,54,6820.00,58620.00
Thread,11,47,76610.00,3310.00,46,4790.00,75210.00
Thread,10,41,75840.00,4290.00,40,6190.00,73810.00
Thread,16,66,75980.00,3940.00,64,7100.00,72900.00
Thread,14,57,80240.00,-110.00,56,6680.00,73320.00
Thread,12,51,76470.00,3450.00,50,5420.00,62360.00
Thread,15,61,82000.00,-2080.00,62,6890.00,73110.00
Thread,6,26,77380.00,2750.00,24,4930.00,75070.00
Thread,23,95,79900.00,20.00,94,5210.00,64180.00
Thread,18,74,80010.00,-90.00,75,5350.00,74650.00
Thread,17,71,77100.00,2890.00,68,4790.00,8560.00
Thread,4,18,76470.00,3660.00,17,6960.00,-19180.00
Thread,20,80,82000.00,-2000.00,81,5630.00,20200.00
Thread,7,31,74230.00,5900.00,30,7730.00,6020.00
Thread,22,89,80070.00,-150.00,91,6470.00,73530.00
Thread,21,84,76260.00,3740.00,85,6890.00,16110.00
Thread,19,77,75000.00,5130.00,78,7170.00,72830.00
Best,A&B,82000.00,-2000.00
----------------------------------------
Execution,99999,100000,99999,99999,1003899,Eve-Adversary
Adversary,0,10,1003899
Best,Eve,880.00
Adversary,1,10,1003900
Best,Eve,1300.00
Adversary,2,10,1003901
Best,Eve,880.00
Adversary,3,10,1003902
Best,Eve,1090.00
Adversary,4,10,1003903
Best,Eve,740.00
Adversary,5,10,1003904
Best,Eve,1090.00
Adversary,6,10,1003905
Best,Eve,880.00
Adversary,7,10,1003906
Best,Eve,880.00
Adversary,8,10,1003907
Best,Eve,1090.00
Adversary,9,10,1003908
Best,Eve,1090.00
Execution,99999,100000,99999,99999,1003909,Alice-Encrypt
Thread,0,0,80160.00,-160.00,2,5840.00,74160.00
Thread,12,48,80450.00,-450.00,50,7940.00,72060.00
Thread,2,11,74370.00,5760.00,8,7730.00,72270.00
Thread,14,59,80190.00,-270.00,56,6400.00,7460.00
Thread,3,12,76680.00,3320.00,13,6470.00,73530.00
Thread,1,5,76260.00,3660.00,6,5840.00,74160.00
Thread,8,34,80750.00,-620.00,33,4440.00,75560.00
Thread,20,83,53370.00,-2010.00,80,4790.00,7460.00
Thread,19,78,75420.00,4500.00,77,7730.00,72270.00
Thread,23,95,73530.00,6600.00,92,6680.00,73320.00
Thread,9,38,78160.00,1860.00,39,6610.00,73390.00
Thread,13,55,82000.00,-1870.00,52,7100.00,72900.00
Thread,6,25,75700.00,4430.00,27,7310.00,72690.00
Thread,7,31,73530.00,6460.00,31,6470.00,73530.00
Thread,18,75,75210.00,4710.00,74,6890.00,19400.00
Thread,15,61,79260.00,660.00,63,5420.00,74580.00
Thread,17,70,74790.00,5340.00,69,7940.00,72060.00
Thread,10,42,76890.00,3030.00,41,5490.00,74510.00
Thread,16,66,80180.00,-260.00,64,5420.00,74580.00
Thread,4,18,76260.00,3870.00,16,5910.00,74090.00
Thread,5,22,80470.00,-340.00,21,5210.00,15350.00
Thread,11,47,80160.00,-30.00,45,4790.00,-17190.00
Thread,21,85,82000.00,-1940.00,86,5420.00,74580.00
Thread,22,89,80030.00,100.00,90,6050.00,20100.00
Best,A&B,82000.00,-1940.00
Execution,99999,100000,100000,99999,1003909,Bob-Decrypt
Thread,1,4,76680.00,3320.00,5,6050.00,73950.00
Thread,0,0,80030.00,-30.00,3,7940.00,72060.00
Thread,3,13,75840.00,4080.00,15,5210.00,74790.00
Thread,2,9,77770.00,2360.00,11,5420.00,74580.00
Thread,8,35,82000.00,-1960.00,33,4650.00,9370.00
Thread,19,76,77520.00,2480.00,78,6680.00,7420.00
Thread,15,63,75000.00,4920.00,62,5840.00,8400.00
Thread,10,43,75420.00,4710.00,41,6750.00,73250.00
Thread,6,24,76050.00,3950.00,26,8990.00,14270.00
Thread,7,30,82000.00,-2040.00,28,6540.00,7040.00
Thread,14,59,80030.00,100.00,58,4160.00,75840.00
Thread,21,84,78940.00,1060.00,86,5420.00,74580.00
Thread,22,90,75700.00,4230.00,91,6260.00,7560.00
Thread,9,38,77510.00,2530.00,36,6470.00,7720.00
Thread,4,17,76050.00,3870.00,19,6120.00,73880.00
Thread,16,65,78780.00,1350.00,64,8990.00,71010.00
Thread,18,75,76610.00,3520.00,72,6680.00,73320.00
Thread,11,47,79840.00,290.00,44,6200.00,-18310.00
Thread,5,22,80110.00,20.00,21,5840.00,63240.00
Thread,13,55,82000.00,-2080.00,53,7030.00,7410.00
Thread,20,81,82000.00,-1870.00,80,5210.00,10620.00
Thread,23,92,75840.00,4160.00,95,7520.00,72480.00
Thread,12,48,79250.00,750.00,50,5000.00,75000.00
Thread,17,70,76050.00,3870.00,69,5420.00,74580.00
Best,A&B,82000.00,-1870.00
----------------------------------------
TimeDiff: 23825 secs
Last best score: 82000.000000
