Thread,0,1,77050.00,2610.00,2,6470.00,73530.00
Thread,2,10,77100.00,2820.00,8,6470.00,73530.00
Thread,10,43,74370.00,5620.00,40,6890.00,66450.00
Thread,23,94,77660.00,2260.00,92,4790.00,75210.00
Thread,18,73,76050.00,3870.00,75,6890.00,73110.00
Thread,8,35,80270.00,-140.00,34,8850.00,71150.00
Thread,21,87,5020.00,5900.00,84,7520.00,3660.00
Thread,13,53,77730.00,2190.00,52,7520.00,6850.00
Thread,9,36,76750.00,3250.00,37,6050.00,8010.00
Thread,19,77,73950.00,6180.00,77,6050.00,73950.00
Thread,22,88,75070.00,4930.00,90,6260.00,8010.00
Thread,7,28,82000.00,-2000.00,30,3530.00,76470.00
Thread,20,83,74580.00,5340.00,83,5420.00,74580.00
Thread,6,26,75000.00,5130.00,27,5420.00,8720.00
Thread,5,22,75420.00,4710.00,20,6260.00,73740.00
Thread,17,69,76260.00,3660.00,70,7520.00,3140.00
Thread,11,47,79990.00,-70.00,45,6470.00,73530.00
Thread,15,63,75840.00,4080.00,61,6050.00,73950.00
Thread,14,58,82000.00,-1870.00,57,5630.00,8270.00
Thread,4,18,76260.00,3660.00,17,8150.00,71850.00
Thread,12,48,73530.00,6470.00,49,7940.00,72060.00
Thread,16,65,23400.00,-970.00,64,4660.00,9380.00
Best,A&B,82000.00,-1870.00
----------------------------------------
Execution,99999,100000,99999,99999,1003865,Eve-Adversary
Adversary,0,10,1003865
Best,Eve,1020.00
Adversary,1,10,1003866
Best,Eve,880.00
Adversary,2,10,1003867
Best,Eve,880.00
Adversary,3,10,1003868
Best,Eve,1090.00
Adversary,4,10,1003869
Best,Eve,1090.00
Adversary,5,10,1003870
Best,Eve,880.00
Adversary,6,10,1003871
Best,Eve,1090.00
Adversary,7,10,1003872
Best,Eve,1090.00
Adversary,8,10,1003873
Best,Eve,880.00
Adversary,9,10,1003874
Best,Eve,950.00
Execution,99999,100000,99999,99999,1003875,Alice-Encrypt
Thread,1,5,82000.00,-2080.00,4,6120.00,73880.00
Thread,3,12,75770.00,4230.00,14,6960.00,73040.00
Thread,0,1,75840.00,4290.00,0,7520.00,72480.00
Thread,8,32,77100.00,2900.00,34,6260.00,8270.00
Thread,2,8,77730.00,2270.00,11,3320.00,76680.00
Thread,7,31,82000.00,-2080.00,28,4370.00,75630.00
Thread,22,88,77100.00,2900.00,89,6820.00,6860.00
Thread,9,38,74300.00,5620.00,37,6330.00,73670.00
Thread,23,94,73530.00,6600.00,94,6470.00,73530.00
Thread,21,86,76260.00,3740.00,87,4790.00,75210.00
Thread,5,22,79080.00,840.00,23,6050.00,73950.00
Thread,19,79,75140.00,4990.00,78,7100.00,72900.00
Thread,14,58,75420.00,4710.00,59,6260.00,73740.00
Thread,13,53,79480.00,440.00,54,6680.00,44710.00
Thread,12,49,75420.00,4500.00,51,5420.00,16840.00
Thread,10,41,73250.00,6740.00,41,6750.00,73250.00
Thread,11,44,80010.00,-10.00,47,6890.00,73110.00
Thread,20,80,77520.00,2480.00,81,6890.00,21160.00
Thread,15,60,76260.00,3740.00,61,5630.00,74370.00
Thread,4,16,79620.00,380.00,18,6190.00,62370.00
Thread,18,75,82070.00,-2150.00,74,4370.00,9790.00
Thread,6,26,81860.00,-1870.00,24,5560.00,74440.00
Thread,17,70,82000.00,-2080.00,68,5840.00,60380.00
Thread,16,65,76050.00,4080.00,66,5630.00,74370.00
Best,A&B,82070.00,-2150.00
Execution,99999,100000,100000,99999,1003875,Bob-Decrypt
Thread,0,0,75840.00,4160.00,2,5000.00,75000.00
Thread,1,7,79860.00,270.00,4,3880.00,76120.00
Thread,3,15,81230.00,-1100.00,12,4860.00,75140.00
Thread,2,8,78710.00,1290.00,11,7100.00,72900.00
Thread,22,91,76050.00,3870.00,90,5840.00,74160.00
Thread,23,95,82000.00,-2080.00,93,5840.00,44000.00
Thread,18,75,81440.00,-1520.00,74,4580.00,-16620.00
Thread,9,37,74020.00,6110.00,39,6890.00,73110.00
Thread,8,33,77380.00,2540.00,34,5840.00,7800.00
Thread,15,62,78780.00,1350.00,63,6050.00,59390.00
Thread,19,79,75630.00,4500.00,79,4370.00,75630.00
Thread,12,50,82000.00,-2080.00,48,5490.00,7950.00
Thread,4,17,76470.00,3450.00,16,7520.00,72480.00
Thread,21,86,77730.00,2270.00,87,2690.00,77310.00
Thread,7,31,82000.00,-2080.00,28,5210.00,8990.00
Thread,10,41,75070.00,4920.00,43,5420.00,8140.00
Thread,5,20,75630.00,4370.00,23,6050.00,7800.00
Thread,20,82,76260.00,3660.00,80,6470.00,73530.00
Thread,11,44,80010.00,-10.00,45,6820.00,73180.00
Thread,6,25,26840.00,-1870.00,27,4800.00,-16520.00
Thread,17,70,82000.00,-1870.00,69,6960.00,73040.00
Thread,13,53,79630.00,500.00,54,5000.00,47270.00
Thread,16,67,80600.00,-680.00,65,7100.00,72900.00
Thread,14,56,79730.00,270.00,57,6050.00,5170.00
Best,A&B,82000.00,-2080.00
----------------------------------------
TimeDiff: 22356 secs
Last best score: 82000.000000
