Thread,0,1,121480.00,3650.00,3,8840.00,115520.00
Thread,3,13,124840.00,290.00,12,7300.00,117700.00
Thread,8,33,125110.00,20.00,34,6670.00,68350.00
Thread,15,62,124690.00,440.00,63,6880.00,117810.00
Thread,10,41,125080.00,50.00,40,6040.00,89710.00
Thread,7,31,122530.00,2600.00,29,8980.00,116020.00
Thread,9,37,125410.00,-1220.00,39,8560.00,116440.00
Thread,21,87,119890.00,4910.00,85,8700.00,21200.00
Thread,17,68,124500.00,500.00,71,5830.00,119170.00
Thread,16,64,118470.00,5900.00,66,9610.00,35950.00
Thread,22,89,125100.00,-180.00,90,7090.00,117910.00
Thread,18,75,124840.00,230.00,72,4570.00,120430.00
Thread,4,19,123460.00,1670.00,17,6880.00,117800.00
Thread,19,78,121520.00,3610.00,77,7300.00,117700.00
Thread,12,50,127500.00,-2540.00,48,9400.00,115600.00
Thread,23,95,127500.00,-2580.00,92,8560.00,116440.00
Thread,6,27,121690.00,3230.00,25,4150.00,120850.00
Thread,20,80,127500.00,-2500.00,83,9820.00,115180.00
Thread,11,44,121480.00,3520.00,46,7090.00,22780.00
Thread,14,58,125430.00,-300.00,56,6460.00,23920.00
Thread,5,23,125370.00,-450.00,21,5410.00,119280.00
Thread,13,55,127500.00,-2580.00,52,5620.00,119380.00
Best,A&B,127500.00,-2500.00
----------------------------------------
Execution,99999,100000,99999,99999,999654,Eve-Adversary
Adversary,0,10,999654
Best,Eve,1090.00
Adversary,1,10,999655
Best,Eve,780.00
Adversary,2,10,999656
Best,Eve,670.00
Adversary,3,10,999657
Best,Eve,880.00
Adversary,4,10,999658
Best,Eve,880.00
Adversary,5,10,999659
Best,Eve,1090.00
Adversary,6,10,999660
Best,Eve,1090.00
Adversary,7,10,999661
Best,Eve,880.00
Adversary,8,10,999662
Best,Eve,1060.00
Adversary,9,10,999663
Best,Eve,880.00
Execution,99999,100000,99999,99999,999664,Alice-Encrypt
Thread,0,1,120850.00,4280.00,0,5830.00,119170.00
Thread,3,13,124840.00,290.00,14,7860.00,116820.00
Thread,1,7,121690.00,3440.00,5,5550.00,119450.00
Thread,2,11,124640.00,280.00,9,7660.00,117340.00
Thread,18,73,127500.00,-2580.00,72,5410.00,119590.00
Thread,12,48,125680.00,-680.00,51,6250.00,41490.00
Thread,13,55,121750.00,2850.00,54,8980.00,21300.00
Thread,7,29,120780.00,4140.00,31,5340.00,119660.00
Thread,19,76,120850.00,4150.00,78,7160.00,117840.00
Thread,10,42,121710.00,3420.00,40,8000.00,21850.00
Thread,17,70,124990.00,-70.00,69,7930.00,22640.00
Thread,9,39,124990.00,-70.00,38,9610.00,115390.00
Thread,11,47,122330.00,2590.00,44,5410.00,119590.00
Thread,6,27,123880.00,1250.00,25,7090.00,117910.00
Thread,5,20,124660.00,340.00,23,8350.00,39840.00
Thread,23,92,118540.00,6460.00,92,6460.00,118540.00
Thread,20,83,125430.00,-300.00,82,6880.00,73780.00
Thread,4,17,121840.00,3080.00,16,7650.00,117350.00
Thread,21,87,124020.00,900.00,84,9400.00,-12170.00
Thread,22,91,118750.00,6380.00,88,6670.00,118330.00
Thread,14,59,125710.00,-660.00,57,2490.00,122510.00
Thread,8,33,123820.00,1310.00,32,10240.00,114760.00
Thread,16,67,124500.00,450.00,64,4790.00,120210.00
Thread,15,62,122700.00,2220.00,63,7720.00,21850.00
Best,A&B,127500.00,-2580.00
Execution,99999,100000,100000,99999,999664,Bob-Decrypt
Thread,1,5,120010.00,4910.00,4,6880.00,118120.00
Thread,2,8,124920.00,80.00,10,8140.00,116860.00
Thread,0,2,124350.00,570.00,3,8140.00,116860.00
Thread,6,24,126250.00,-1250.00,25,7300.00,22870.00
Thread,3,15,125940.00,-810.00,12,7230.00,117770.00
Thread,9,39,125380.00,-250.00,37,7720.00,116650.00
Thread,15,62,120740.00,4390.00,63,7930.00,22460.00
Thread,16,66,125430.00,-820.00,64,1550.00,123450.00
Thread,18,73,127180.00,-2580.00,72,7090.00,22490.00
Thread,10,42,123450.00,1680.00,41,8150.00,38170.00
Thread,8,33,125060.00,70.00,32,9400.00,115600.00
Thread,11,47,122600.00,2320.00,46,6460.00,118540.00
Thread,4,17,121700.00,3430.00,18,7720.00,117280.00
Thread,21,87,124550.00,580.00,84,7300.00,-9760.00
Thread,5,21,118470.00,6550.00,23,7300.00,2520.00
Thread,14,59,124170.00,810.00,57,3220.00,121780.00
Thread,7,28,123930.00,1070.00,29,2960.00,122040.00
Thread,19,79,119730.00,5400.00,78,7370.00,117630.00
Thread,22,91,119380.00,5540.00,90,6460.00,-8500.00
Thread,23,94,123630.00,1290.00,93,5410.00,24440.00
Thread,12,50,125350.00,-360.00,51,3940.00,42580.00
Thread,20,83,125820.00,-900.00,82,7090.00,79220.00
Thread,17,70,124750.00,380.00,69,8350.00,116650.00
Thread,13,55,123910.00,1220.00,54,5200.00,24480.00
Best,A&B,127180.00,-2580.00
----------------------------------------
TimeDiff: 37383 secs
Last best score: 127180.000000
