Thread,3,12,78500.00,1500.00,14,6470.00,73530.00
Thread,0,2,78080.00,1840.00,1,5000.00,75000.00
Thread,8,32,82000.00,-2000.00,35,6050.00,73950.00
Thread,20,81,82000.00,-2080.00,82,5420.00,7960.00
Thread,10,43,76960.00,3170.00,42,5210.00,8760.00
Thread,9,39,76470.00,3660.00,37,6680.00,73320.00
Thread,15,61,72690.00,7370.00,62,7520.00,72480.00
Thread,7,28,78150.00,1850.00,29,6470.00,73530.00
Thread,19,77,75210.00,4710.00,78,6960.00,15670.00
Thread,18,74,82000.00,-2010.00,75,4160.00,75840.00
Thread,17,71,75630.00,4290.00,68,6050.00,73950.00
Thread,21,85,79240.00,680.00,86,9410.00,70590.00
Thread,16,67,76540.00,3590.00,64,6820.00,7210.00
Thread,4,18,80830.00,-700.00,16,5630.00,20770.00
Thread,6,26,82000.00,-1870.00,27,6540.00,48760.00
Thread,5,22,78380.00,720.00,20,7940.00,44280.00
Thread,23,92,82000.00,-2000.00,93,5560.00,74440.00
Thread,13,52,76260.00,3740.00,53,6680.00,73320.00
Thread,11,45,75630.00,4290.00,46,6190.00,-17990.00
Thread,12,48,74580.00,5420.00,49,6050.00,73950.00
Thread,22,88,77100.00,2900.00,89,7940.00,72060.00
Thread,14,56,73820.00,5910.00,57,7520.00,72480.00
Best,A&B,82000.00,-2000.00
----------------------------------------
Execution,99999,100000,99999,99999,999999,Eve-Adversary
Adversary,0,10,999999
Best,Eve,880.00
Adversary,1,10,1000000
Best,Eve,880.00
Adversary,2,10,1000001
Best,Eve,1090.00
Adversary,3,10,1000002
Best,Eve,880.00
Adversary,4,10,1000003
Best,Eve,1300.00
Adversary,5,10,1000004
Best,Eve,1090.00
Adversary,6,10,1000005
Best,Eve,880.00
Adversary,7,10,1000006
Best,Eve,1090.00
Adversary,8,10,1000007
Best,Eve,880.00
Adversary,9,10,1000008
Best,Eve,880.00
Execution,99999,100000,99999,99999,1000009,Alice-Encrypt
Thread,0,2,78990.00,1140.00,1,4790.00,21560.00
Thread,21,84,79430.00,570.00,85,5000.00,75000.00
Thread,2,9,75420.00,4500.00,10,6680.00,73320.00
Thread,13,53,75420.00,4500.00,52,6680.00,73320.00
Thread,1,5,79010.00,910.00,7,5010.00,9070.00
Thread,3,12,76610.00,3390.00,14,6680.00,47210.00
Thread,8,35,78570.00,1350.00,33,5630.00,74370.00
Thread,7,29,82000.00,-2080.00,30,5190.00,12360.00
Thread,14,56,76260.00,3740.00,57,6120.00,73880.00
Thread,11,47,82000.00,-2080.00,45,5630.00,74370.00
Thread,15,62,77590.00,2540.00,63,3740.00,10340.00
Thread,4,19,76260.00,3870.00,18,6050.00,73950.00
Thread,6,25,78830.00,1090.00,27,7730.00,47570.00
Thread,9,37,76050.00,3940.00,38,5840.00,8100.00
Thread,12,49,77170.00,2750.00,50,6890.00,59750.00
Thread,10,43,76200.00,3930.00,40,5210.00,8750.00
Thread,18,75,77520.00,2610.00,74,4580.00,75420.00
Thread,16,67,75420.00,4510.00,65,4790.00,9260.00
Thread,5,20,80240.00,-240.00,22,5420.00,74580.00
Thread,17,70,78360.00,1770.00,69,7310.00,-6900.00
Thread,20,83,76680.00,3240.00,82,5840.00,8020.00
Thread,19,76,76470.00,3530.00,79,6050.00,73950.00
Thread,22,88,74370.00,5630.00,91,6890.00,73110.00
Thread,23,92,74990.00,5010.00,93,5420.00,74580.00
Best,A&B,82000.00,-2080.00
Execution,99999,100000,100000,99999,1000009,Bob-Decrypt
Thread,0,1,76470.00,3450.00,3,8640.00,71360.00
Thread,3,15,77520.00,2610.00,14,7100.00,72900.00
Thread,2,10,78990.00,930.00,8,5420.00,74580.00
Thread,1,5,76640.00,3280.00,7,5840.00,74160.00
Thread,8,34,75420.00,4710.00,33,6470.00,73530.00
Thread,15,61,76890.00,3100.00,63,6260.00,73740.00
Thread,10,43,77300.00,2830.00,40,6680.00,6650.00
Thread,19,79,77100.00,3030.00,76,6260.00,73740.00
Thread,20,82,76260.00,3660.00,83,6680.00,73320.00
Thread,18,73,76540.00,3380.00,74,9200.00,70800.00
Thread,7,29,82000.00,-2080.00,31,7940.00,5590.00
Thread,17,70,76050.00,3870.00,71,4370.00,-16210.00
Thread,12,50,74580.00,5340.00,51,8360.00,71640.00
Thread,6,27,75840.00,4080.00,24,6050.00,8090.00
Thread,16,67,78010.00,1920.00,65,8010.00,71990.00
Thread,11,47,82000.00,-1870.00,46,5630.00,-17480.00
Thread,21,86,77310.00,2820.00,87,4580.00,9250.00
Thread,22,88,77940.00,2060.00,91,4370.00,75630.00
Thread,4,18,76890.00,3030.00,16,6050.00,73950.00
Thread,14,58,76040.00,3880.00,56,7520.00,72480.00
Thread,23,93,43240.00,5350.00,95,6680.00,7370.00
Thread,9,36,28230.00,-2000.00,38,7100.00,6870.00
Thread,13,55,76470.00,3660.00,52,8780.00,71220.00
Thread,5,20,80310.00,-310.00,21,4580.00,75420.00
Best,A&B,82000.00,-1870.00
----------------------------------------
TimeDiff: 21572 secs
Last best score: 82000.000000
